# Collective intermediate scattering function computed by LiquidLib
# k
9.957735352640145e-01
1.138026897444588e+00
1.280280259625161e+00
1.422533621805735e+00
1.564786983986308e+00
1.707040346166882e+00
1.849293708347455e+00
1.991547070528029e+00
2.133800432708602e+00
# t                 F(k, t)
0.000000000000000e+00        4.802474153346953e-01        4.579991537515130e-01        3.541896004008959e-01        3.619286789463078e-01        4.318671843660577e-01        6.009940475428009e-01        9.916151583921323e-01        1.666866727335365e+00        1.692686524614956e+00
2.000000000000000e-02        4.770262213385502e-01        4.538162417890526e-01        3.488745293401549e-01        3.553699853426087e-01        4.239086420988515e-01        5.915024687520030e-01        9.804468511433956e-01        1.653928082697092e+00        1.677817652767624e+00
4.000000000000000e-02        4.693347391176758e-01        4.439879072784847e-01        3.364708731798589e-01        3.400229711022519e-01        4.050759056590868e-01        5.687231171725093e-01        9.532800328101713e-01        1.622165948892045e+00        1.641213802131303e+00
6.000000000000000e-02        4.611688313212406e-01        4.339169095831069e-01        3.239002472267639e-01        3.242281032097269e-01        3.850075672702138e-01        5.434892846253757e-01        9.221414421350860e-01        1.584984436328807e+00        1.598075110708278e+00
8.000000000000000e-02        4.551719382818589e-01        4.269655866442795e-01        3.152723086760303e-01        3.128079942668475e-01        3.692499684793751e-01        5.221127030209500e-01        8.941808951859627e-01        1.550538123110680e+00        1.557850480432224e+00
1.000000000000000e-01        4.512120939950459e-01        4.226745841482351e-01        3.098166139216923e-01        3.048216244628662e-01        3.568978799172086e-01        5.038943190949619e-01        8.690267499638824e-01        1.518836828132375e+00        1.520971712914365e+00
1.200000000000000e-01        4.475554755082650e-01        4.185898080980558e-01        3.044393275978243e-01        2.967654963688386e-01        3.442546808025941e-01        4.850237850665106e-01        8.427992353309250e-01        1.485872358231035e+00        1.483232835729947e+00
1.400000000000000e-01        4.430022632378640e-01        4.131928090849910e-01        2.974103232300954e-01        2.868429783951051e-01        3.295013169798690e-01        4.635480272957882e-01        8.133263382511997e-01        1.449187457061587e+00        1.441910495889110e+00
1.800000000000000e-01        4.336864061088154e-01        4.021961745640958e-01        2.835201401218066e-01        2.678266683254338e-01        3.011148231779062e-01        4.207410336026864e-01        7.525913365450768e-01        1.372595712340530e+00        1.356929400623476e+00
2.200000000000000e-01        4.298369525061870e-01        3.979934819650291e-01        2.781585866022553e-01        2.593881273538833e-01        2.854370607893235e-01        3.917785429678650e-01        7.052925332811208e-01        1.309387525922665e+00        1.288015425958306e+00
2.600000000000000e-01        4.281275873414298e-01        3.958206703639562e-01        2.753841348640665e-01        2.550807478455249e-01        2.766946062356747e-01        3.728198752442762e-01        6.696937645602695e-01        1.258687503946826e+00        1.233629197826879e+00
3.000000000000000e-01        4.250957340241450e-01        3.921111067367825e-01        2.712632881031642e-01        2.503775643589533e-01        2.696692373675810e-01        3.579155069419980e-01        6.394008769057932e-01        1.212935868885517e+00        1.184728609260898e+00
3.600000000000000e-01        4.199581503791439e-01        3.864612537180089e-01        2.651179889182210e-01        2.436356673584572e-01        2.617173544634575e-01        3.421653083228887e-01        6.037153291684024e-01        1.153964212986818e+00        1.121503462827534e+00
4.400000000000000e-01        4.131983053284722e-01        3.792150534252859e-01        2.564751827980922e-01        2.331877687157423e-01        2.498029389307228e-01        3.245632031551096e-01        5.670571738577163e-01        1.088716143629678e+00        1.051005122204141e+00
5.400000000000000e-01        4.074444706771963e-01        3.733589657689183e-01        2.490791516029302e-01        2.231344556679627e-01        2.363877138855388e-01        3.058273404480897e-01        5.325513020563210e-01        1.024340713210030e+00        9.816907549147810e-01
6.400000000000000e-01        4.026800344239121e-01        3.682656413088098e-01        2.432609746767820e-01        2.161586642289853e-01        2.264388831513788e-01        2.908800997440446e-01        5.061390361144870e-01        9.748137617725516e-01        9.287146220037311e-01
7.600000000000000e-01        3.985984297222193e-01        3.638406354733624e-01        2.381496008948443e-01        2.106442338178297e-01        2.189489282700533e-01        2.790666366901798e-01        4.841073547730710e-01        9.312652431233785e-01        8.825609353503003e-01
9.200000000000000e-01        3.940550684178121e-01        3.588433742312961e-01        2.326464734282976e-01        2.042587272666100e-01        2.114229234308925e-01        2.684882101099704e-01        4.646183074858526e-01        8.892872151291319e-01        8.395566457464035e-01
1.100000000000000e+00        3.901736638916723e-01        3.542206237077637e-01        2.279213926669326e-01        1.989862176442407e-01        2.048965446235548e-01        2.592779536030722e-01        4.488899725558178e-01        8.567101281857378e-01        8.065433074769279e-01
1.320000000000000e+00        3.862269312803833e-01        3.503627480523293e-01        2.234723739455002e-01        1.941344946714145e-01        1.990827267061253e-01        2.500603842570974e-01        4.346952631446546e-01        8.300241767745383e-01        7.784826057750928e-01
1.580000000000000e+00        3.826291442366651e-01        3.457845866992400e-01        2.191838806675317e-01        1.891653824524464e-01        1.936806344733445e-01        2.432318623384172e-01        4.210433995529405e-01        8.042383760408084e-01        7.550349854919431e-01
1.900000000000000e+00        3.786696806993283e-01        3.402226508091790e-01        2.148720419113394e-01        1.838097564942301e-01        1.875974079475857e-01        2.354155047924884e-01        4.072063712624143e-01        7.794751173452188e-01        7.317779256212733e-01
2.280000000000000e+00        3.744940050259791e-01        3.349547145532806e-01        2.100471161368184e-01        1.780003103935901e-01        1.806489083224641e-01        2.267715413527386e-01        3.929525343173471e-01        7.534801023121592e-01        7.065438174537453e-01
2.740000000000000e+00        3.701079773285005e-01        3.303753989480227e-01        2.046560780679485e-01        1.720894568349497e-01        1.733859870478415e-01        2.161600753825039e-01        3.757494339848814e-01        7.247387977661407e-01        6.774798168584890e-01
3.300000000000000e+00        3.645249609990762e-01        3.246125061689524e-01        1.981287076522075e-01        1.655703529899792e-01        1.662231845530533e-01        2.046304353848662e-01        3.551579389775054e-01        6.918469913568824e-01        6.457591316538513e-01
3.960000000000000e+00        3.578842895998300e-01        3.176051375654679e-01        1.907633818110094e-01        1.576630368713045e-01        1.576339820393947e-01        1.936826590829225e-01        3.340481633654507e-01        6.548629877575971e-01        6.123485987372292e-01
4.740000000000000e+00        3.497086666292860e-01        3.086371293492308e-01        1.826025265087539e-01        1.487971277059889e-01        1.477972668239729e-01        1.793257114343591e-01        3.114300211560235e-01        6.127212218926081e-01        5.693690584828311e-01
5.700000000000000e+00        3.400806093945134e-01        2.987880018275559e-01        1.729298808173251e-01        1.390188806989001e-01        1.364358783631756e-01        1.638637343235770e-01        2.840315090994218e-01        5.693340923865630e-01        5.220374118954717e-01
6.840000000000000e+00        3.292955858461621e-01        2.862643878742482e-01        1.626115943212054e-01        1.291162294380673e-01        1.237306928758329e-01        1.483255739851275e-01        2.543931261412769e-01        5.179176088036429e-01        4.691041025359053e-01
8.199999999999999e+00        3.175708990952608e-01        2.734379447427703e-01        1.520528176209142e-01        1.178167886755166e-01        1.124513862647946e-01        1.343625275782311e-01        2.290509027032732e-01        4.675624234385165e-01        4.190155405072404e-01
9.840000000000000e+00        3.039568880194273e-01        2.571239244744597e-01        1.406818712494394e-01        1.066708640027803e-01        1.008982346369797e-01        1.172691148860402e-01        2.015022398688560e-01        4.162546510009817e-01        3.726125006278674e-01
1.182000000000000e+01        2.888202829929966e-01        2.418546448999666e-01        1.276059960194066e-01        9.539181041940627e-02        8.749044124648148e-02        1.026781072304840e-01        1.724595307989841e-01        3.627001124380796e-01        3.150797815963667e-01
1.418000000000000e+01        2.721695253296526e-01        2.224626772526895e-01        1.146298528056489e-01        8.360245404915524e-02        7.397856827265721e-02        8.811957321607090e-02        1.452874684997204e-01        3.149097295513819e-01        2.667638828173410e-01
1.702000000000000e+01        2.541595699871225e-01        2.022289332644287e-01        1.008302943317674e-01        7.150504568265673e-02        6.090438072553230e-02        7.254172314648130e-02        1.185368683285006e-01        2.550589046905138e-01        2.192212323905714e-01
2.042000000000000e+01        2.341669806510018e-01        1.808011851471770e-01        8.706495250716348e-02        6.044048407926592e-02        4.931699684565323e-02        5.980103097568410e-02        9.357732087694720e-02        2.081777550258072e-01        1.731646792488350e-01
2.450000000000000e+01        2.138150393711096e-01        1.616852014343322e-01        7.343222135476482e-02        4.782410745407931e-02        3.728448939979356e-02        4.613777387995396e-02        7.257076839073545e-02        1.610340781613968e-01        1.304805139231254e-01
2.940000000000000e+01        1.893057235405097e-01        1.394675825692743e-01        5.917576015616596e-02        3.712503649493364e-02        2.845948403672000e-02        3.132294308816077e-02        5.124437717044743e-02        1.161205297393341e-01        8.975506775614372e-02
3.528000000000000e+01        1.647122554668896e-01        1.219510581594114e-01        4.628331814524567e-02        2.891973391826982e-02        1.951303465547925e-02        1.817402944392424e-02        3.173968651177332e-02        7.393536935170439e-02        5.362267240124587e-02
4.232000000000000e+01        1.417601205359855e-01        1.045021554990282e-01        3.389513138026422e-02        2.101777016341261e-02        1.217726080021994e-02        6.136947035766386e-03        1.699344312929832e-02        5.098519220903969e-02        2.816219196900249e-02
5.080000000000000e+01        1.186423812269369e-01        9.110211396435802e-02        2.475868365800829e-02        1.645790518283445e-02        8.013262637058078e-03        -2.442891452732289e-03        1.398908934949990e-02        2.904572187582112e-02        7.286346262253670e-03
6.096000000000000e+01        9.573889154976392e-02        6.912465174349912e-02        1.944408608058563e-02        8.976921033972180e-03        3.540898687682187e-03        -5.651866067832740e-03        6.632766332546113e-03        1.182936214128138e-02        5.008408507946264e-03
7.314000000000000e+01        7.431849584435460e-02        3.454147430685159e-02        1.380188291071302e-02        1.539431289371125e-03        1.795771927493742e-03        -3.645885052672239e-03        -3.947478250879575e-04        -1.404126696013501e-02        9.622819848272103e-03
8.778000000000000e+01        5.492991598707012e-02        7.787174436163247e-03        6.665920411979395e-03        -2.802898475859898e-03        1.671135115018911e-04        -1.797980626115978e-03        2.665047938577831e-03        -1.289011332172618e-02        1.020961496960261e-02
1.053200000000000e+02        4.140507632746616e-02        1.194255903906085e-02        2.995471639024739e-04        -4.152666824588959e-03        -2.145428092726620e-03        -4.228389815813615e-03        7.114596010302334e-03        9.118829344728737e-03        3.824663174581781e-03
1.264000000000000e+02        2.607944620655764e-02        -3.586490725606104e-03        -1.569167423045283e-03        1.112913346918437e-03        -1.979555803501061e-03        -7.217432303081133e-03        -1.816673302698833e-03        1.619101402039072e-02        -1.708637636156938e-02
1.516800000000000e+02        2.196382906915682e-02        -8.695084415146633e-03        1.291594564847264e-04        3.449092051589129e-03        -7.433455320170916e-04        1.750907497021898e-03        -3.291589182048223e-03        4.233800051089308e-04        -8.906425739594867e-03
1.820000000000000e+02        1.010672982114700e-02        1.357895115730697e-02        -1.140315490430762e-03        -3.333246577748679e-03        1.474131227831229e-03        7.333007151483136e-03        1.099117251690779e-03        -3.045496621542928e-03        -5.772435725982966e-03
2.184200000000000e+02        5.807800680308371e-03        3.453943369259987e-02        1.013945447747253e-03        -6.581523347471879e-03        6.858976593415555e-04        1.182665460858940e-02        -3.822528045416613e-04        -7.710284495285821e-03        -1.091727206542338e-02
2.621000000000000e+02        -8.662997492847890e-03        2.542255085897225e-02        1.083840400283738e-04        -2.704342786542925e-03        1.172350197728984e-03        1.548336214057126e-02        1.282000561325772e-03        1.170029505275773e-02        1.500880611222991e-03
3.145200000000000e+02        -1.938735213134186e-02        2.195752639042476e-02        -3.472607851290431e-04        2.793139303145657e-03        3.582444164529888e-04        -1.671622222196040e-03        -3.251417214615206e-05        7.795796826126294e-04        -5.050590198025435e-03
3.774200000000000e+02        -2.660833247246867e-02        1.169203199054502e-02        -5.942421215543953e-03        -6.233246585147829e-04        1.926241307294673e-03        -3.975355414454550e-03        6.850223607647246e-03        -3.988146855759774e-02        3.750096305509414e-03
4.529000000000000e+02        -1.829064337997457e-02        1.197521251461664e-02        -1.317812880428665e-03        -1.812168763427985e-05        2.597952357508177e-03        1.090029987861533e-02        -7.959641659246245e-04        -1.430689672298328e-03        9.288991907842220e-03
5.434800000000000e+02        -2.130816973513214e-02        4.490845490485901e-04        4.960097635969785e-03        -1.218699024488974e-03        3.003161801401941e-03        4.348037359488116e-03        5.609103000200440e-03        8.759588992079728e-03        -2.284360149177747e-03
6.521800000000001e+02        -2.001712265114084e-02        -1.068561650299359e-02        4.653200483497056e-03        7.955272283878554e-03        4.778088163250409e-03        -5.841605015887091e-04        1.272839133314494e-03        -1.228550044230880e-02        2.119140492697500e-04
7.826000000000000e+02        -1.071968491950505e-02        -3.743531917098762e-02        -3.228059763220539e-03        7.972947145342840e-03        1.351602526522842e-04        5.160314729697506e-03        7.208374528154279e-03        -1.081797513907032e-02        -1.324260390487992e-02
9.391200000000000e+02        1.882132093834890e-02        -2.468751670634054e-02        5.807165723310577e-03        -3.149984775639242e-03        2.237295053797708e-03        2.426648694936184e-03        4.572385590483350e-03        1.965318479234618e-02        -1.135284260362420e-02
1.126960000000000e+03        2.866316111253919e-03        -4.957878488143851e-02        4.241975018509083e-03        -3.640343478458619e-03        -3.499053558791450e-04        -4.791392014412575e-03        -1.405838215963305e-02        1.584413385177266e-03        5.369327116939863e-03
1.352340000000000e+03        -7.994976146963458e-03        3.173429492074084e-03        4.067664052998716e-03        -5.241720079794379e-03        3.851301738799920e-03        8.825282074140888e-03        7.839011562187593e-03        9.085358743110240e-03        -6.695463900573189e-03
1.622800000000000e+03        2.174711640460175e-02        3.365675404077788e-02        -2.233343231391987e-04        4.095103515848644e-03        4.449574797678548e-03        8.010891140390296e-03        5.681098598784440e-03        -1.696075208641127e-02        -4.382601132228135e-03
1.947380000000000e+03        4.565303925534867e-03        1.875343737056498e-02        -2.332482915091492e-03        1.427444231150946e-03        -3.400449452696708e-03        3.131728120611262e-03        7.057887631872049e-03        -2.231168006032325e-03        -1.463127048152305e-03
2.336840000000000e+03        2.496320458126255e-02        6.625182980249496e-03        -5.196280444387391e-03        4.573732470453328e-03        -7.596082624501991e-04        -8.235422148288046e-03        -1.042558984068971e-02        6.678457371297118e-03        1.157603215052732e-02
2.804220000000000e+03        1.628839753141442e-02        -1.043759707429426e-02        5.039519113794547e-04        6.283164204029581e-03        -2.106371298659660e-03        -3.857795578885249e-03        -6.471504242490146e-05        5.494293258853839e-03        -2.225215285007129e-03
3.365060000000000e+03        -1.654174246825622e-02        -4.788807541939694e-03        -2.138802123142234e-04        -1.167134316143096e-02        3.707548651265436e-03        -4.514402697096858e-03        5.574272841517511e-03        2.481275911384165e-03        1.194926566397619e-02
4.038060000000000e+03        2.247981526034326e-03        3.586260332187938e-02        8.392536495449679e-04        5.862855489809459e-03        1.385318817929502e-03        -7.961595877860536e-03        -1.295104545204470e-02        3.931235899014402e-03        -2.389791641660573e-03
