# Collective intermediate scattering function computed by LiquidLib
# k
1.000278475783695e+00
1.143175400895652e+00
1.286072326007608e+00
1.428969251119565e+00
1.571866176231521e+00
1.714763101343477e+00
1.857660026455434e+00
2.000556951567390e+00
2.143453876679347e+00
# t                 F(k, t)
0.000000000000000e+00        4.472575273267062e-01        4.199249886449118e-01        3.486506647091116e-01        3.360469875558943e-01        4.327703054389085e-01        6.260762834806816e-01        9.972922284460164e-01        1.686080799776570e+00        1.731732260154984e+00
2.000000000000000e-02        4.442258117102350e-01        4.160042608281928e-01        3.436521816559307e-01        3.298665884002738e-01        4.252794933872367e-01        6.171400502266087e-01        9.867677353538917e-01        1.673882881042648e+00        1.717709184778685e+00
4.000000000000000e-02        4.370050405543511e-01        4.068153233522561e-01        3.320134738397937e-01        3.154305617734711e-01        4.075746062624185e-01        5.957007844132562e-01        9.611690366542238e-01        1.643952960434437e+00        1.683195861688826e+00
6.000000000000000e-02        4.294050238372493e-01        3.974641293654992e-01        3.203105849607217e-01        3.006848667088520e-01        3.888120627325114e-01        5.720357789908986e-01        9.319033806974090e-01        1.609012711213370e+00        1.642639564820241e+00
8.000000000000000e-02        4.239368956215568e-01        3.911085668853316e-01        3.124435223642236e-01        2.902292355025893e-01        3.742895882387270e-01        5.521786363673982e-01        9.058159568072321e-01        1.576872819025362e+00        1.605103029042584e+00
1.000000000000000e-01        4.204310502999145e-01        3.872495977527445e-01        3.076078590272839e-01        2.830856827004817e-01        3.630712227255403e-01        5.353921667220539e-01        8.824809186921742e-01        1.547470880086704e+00        1.570914866027135e+00
1.200000000000000e-01        4.171674916812963e-01        3.834889367710203e-01        3.027349099949502e-01        2.757466650359111e-01        3.514354529496480e-01        5.178155896116201e-01        8.579397988077990e-01        1.516712637778499e+00        1.535748214042390e+00
1.400000000000000e-01        4.129701912888712e-01        3.783832710805800e-01        2.961191842029456e-01        2.663973204597461e-01        3.375033084990594e-01        4.973952278196916e-01        8.298984101982694e-01        1.482010727667722e+00        1.496727015968249e+00
1.800000000000000e-01        4.043621589091110e-01        3.680974686097273e-01        2.830191315599931e-01        2.483155186052086e-01        3.104044261191058e-01        4.561968042891081e-01        7.715363447664626e-01        1.408962448912681e+00        1.415850854051140e+00
2.200000000000000e-01        4.012980560401649e-01        3.647517532419892e-01        2.786973463221423e-01        2.410267087590595e-01        2.962268384847598e-01        4.291465494435254e-01        7.270679271947165e-01        1.349873574745759e+00        1.351674185847989e+00
2.600000000000000e-01        4.003349715635735e-01        3.632603085129501e-01        2.768953023287328e-01        2.377588770827227e-01        2.888976842711962e-01        4.120213744232731e-01        6.943148819304047e-01        1.303492320256304e+00        1.302204935454917e+00
3.000000000000000e-01        3.979831719790322e-01        3.601875342741452e-01        2.735916117905012e-01        2.338293228644931e-01        2.829434092147881e-01        3.984478305169132e-01        6.663064306557720e-01        1.261443835361081e+00        1.257489466871193e+00
3.600000000000000e-01        3.937630998131462e-01        3.554048485068196e-01        2.685855399693355e-01        2.284473713917920e-01        2.767388566983126e-01        3.851599309846403e-01        6.343104232487108e-01        1.208040190451678e+00        1.200409792431569e+00
4.400000000000000e-01        3.882312415105210e-01        3.487696312564400e-01        2.612952912201681e-01        2.195711100444034e-01        2.668157399608078e-01        3.707483007050130e-01        6.018595288701225e-01        1.149146161011327e+00        1.137580634284791e+00
5.400000000000000e-01        3.838273278806774e-01        3.432609779985208e-01        2.553981672200443e-01        2.114543975368756e-01        2.554140225414445e-01        3.554200947702155e-01        5.720425395056989e-01        1.091611296859899e+00        1.076596970038319e+00
6.400000000000000e-01        3.803578150088326e-01        3.389012334103459e-01        2.509126861634087e-01        2.058297642504541e-01        2.472306118450973e-01        3.428591087401556e-01        5.495841934687390e-01        1.047858692573557e+00        1.031153231385397e+00
7.600000000000000e-01        3.775750105074118e-01        3.352785449912739e-01        2.473947348286035e-01        2.018588296085159e-01        2.417145159830698e-01        3.335075742880909e-01        5.314598951843326e-01        1.010942045042366e+00        9.935760037306141e-01
9.200000000000000e-01        3.744760786268878e-01        3.312970532992379e-01        2.435899234629843e-01        1.975226860392155e-01        2.362320696548810e-01        3.254386966354654e-01        5.169249627224888e-01        9.786003568750729e-01        9.606520604180174e-01
1.100000000000000e+00        3.721087107830536e-01        3.286584637488555e-01        2.407408362716845e-01        1.945345354056906e-01        2.319456479847743e-01        3.188666989882868e-01        5.066465396633881e-01        9.561179839168683e-01        9.375507712909901e-01
1.320000000000000e+00        3.698580368063979e-01        3.260678857781140e-01        2.380891217731280e-01        1.914391811292286e-01        2.280075277603558e-01        3.136277072528879e-01        4.989359248605775e-01        9.379632063005782e-01        9.195771956705838e-01
1.580000000000000e+00        3.681040488389121e-01        3.239343719174873e-01        2.357475384690110e-01        1.888852658782738e-01        2.251278725811125e-01        3.089425412701990e-01        4.919533201155652e-01        9.259824969048864e-01        9.069733841281095e-01
1.900000000000000e+00        3.662608150888147e-01        3.220531413018993e-01        2.333997687361303e-01        1.861262759528469e-01        2.223290082289877e-01        3.044421711763072e-01        4.842773902199603e-01        9.147928747236376e-01        8.943031799048339e-01
2.280000000000000e+00        3.645064906613641e-01        3.198018263919209e-01        2.309400261756217e-01        1.834557481909436e-01        2.187478403450355e-01        2.987610477638377e-01        4.763356115179073e-01        9.019725145842920e-01        8.818254361062368e-01
2.740000000000000e+00        3.624682192565490e-01        3.174832172660967e-01        2.281028598534991e-01        1.805655699138533e-01        2.144185902223661e-01        2.917246985829504e-01        4.653389080640908e-01        8.844495588626122e-01        8.669054550582673e-01
3.300000000000000e+00        3.598601521523491e-01        3.136670435767864e-01        2.242819275074235e-01        1.761214663069459e-01        2.094231854407542e-01        2.853430774586462e-01        4.545966043683175e-01        8.672967671087072e-01        8.496311116893636e-01
3.960000000000000e+00        3.563903592080931e-01        3.102208442378095e-01        2.203211010466291e-01        1.711432979091935e-01        2.037716683856458e-01        2.775218053230180e-01        4.401918181456849e-01        8.467500208104541e-01        8.272186516277902e-01
4.740000000000000e+00        3.521828719692318e-01        3.053964512712866e-01        2.152620665499436e-01        1.665746013763844e-01        1.971059107649641e-01        2.678445929035607e-01        4.240903644162652e-01        8.159676649249976e-01        7.969760526454549e-01
5.700000000000000e+00        3.466925006231862e-01        2.991317666577387e-01        2.091019199439613e-01        1.599345429279299e-01        1.885771170694240e-01        2.542358695073296e-01        4.032031081436536e-01        7.776320139906379e-01        7.586325424585932e-01
6.840000000000000e+00        3.408771015552511e-01        2.930418079808132e-01        2.019396602606299e-01        1.519409371183964e-01        1.797914462752527e-01        2.397122236995851e-01        3.797628144840449e-01        7.362983952493555e-01        7.201129362124332e-01
8.199999999999999e+00        3.344488741145412e-01        2.862849588146033e-01        1.951178181981746e-01        1.464116186502271e-01        1.711777604121424e-01        2.272853943669146e-01        3.600464074624085e-01        6.977306581987796e-01        6.836535088138213e-01
9.840000000000000e+00        3.276188869039456e-01        2.779106617402864e-01        1.868241388233263e-01        1.373155452721114e-01        1.614685001526001e-01        2.151207984871128e-01        3.378685070901197e-01        6.492463942743129e-01        6.432103483662800e-01
1.182000000000000e+01        3.193348586217735e-01        2.664791591782218e-01        1.780125975801457e-01        1.286812749245313e-01        1.502780393762596e-01        1.999805902069935e-01        3.127747315487021e-01        6.004944322712998e-01        5.949348662584318e-01
1.418000000000000e+01        3.103387400482472e-01        2.553790906954458e-01        1.687851822773843e-01        1.200964209162361e-01        1.396813864024373e-01        1.841881783895064e-01        2.882592955836165e-01        5.507655432616698e-01        5.458185351346850e-01
1.702000000000000e+01        3.003266542917689e-01        2.416148592113522e-01        1.574908662979612e-01        1.088410792518596e-01        1.272498029995275e-01        1.674763291105338e-01        2.611788871241869e-01        4.948885100782926e-01        4.937445865344857e-01
2.042000000000000e+01        2.892295460430407e-01        2.265351343574720e-01        1.454981210052657e-01        9.696832581293285e-02        1.135025380373232e-01        1.500906733147445e-01        2.321007915722073e-01        4.420248068329957e-01        4.417852027883732e-01
2.450000000000000e+01        2.764327595649476e-01        2.114855782800822e-01        1.328549653691022e-01        8.429863044248470e-02        1.005168692820424e-01        1.316690098170863e-01        2.026329113016554e-01        3.878565741556752e-01        3.849716082325762e-01
2.940000000000000e+01        2.626495391473109e-01        1.943974629461798e-01        1.193091451856159e-01        7.149317012407190e-02        8.709743204982055e-02        1.149967967538824e-01        1.706943248786016e-01        3.321079594044194e-01        3.296609615222887e-01
3.528000000000000e+01        2.469079368032986e-01        1.725194840742310e-01        1.050321311080448e-01        5.873609805257923e-02        7.236641662709614e-02        9.765987619576821e-02        1.396795227708927e-01        2.814117188954524e-01        2.760757205686854e-01
4.232000000000000e+01        2.295594189378236e-01        1.508364584418294e-01        9.019549514808410e-02        4.691578655969145e-02        5.967363348625872e-02        8.281987583633968e-02        1.156098393690289e-01        2.293628305267096e-01        2.200496395834899e-01
5.080000000000000e+01        2.096982836728719e-01        1.285020900171239e-01        7.653882987480688e-02        3.473680151629597e-02        4.799023643944694e-02        6.557574076335899e-02        9.219378925000939e-02        1.765160453988253e-01        1.740845412399829e-01
6.096000000000000e+01        1.890568192622309e-01        1.068084018415799e-01        6.194351248641681e-02        2.720677143301602e-02        3.641676196030407e-02        5.200791676988253e-02        7.186513731946516e-02        1.394076453731196e-01        1.332421572872382e-01
7.314000000000000e+01        1.655647263583217e-01        8.141167808111502e-02        4.841288638140274e-02        1.842806429314692e-02        2.464188361560899e-02        4.024007888121674e-02        5.171446606623131e-02        1.028724413054013e-01        8.678584530581385e-02
8.778000000000000e+01        1.406655262759649e-01        5.457643583412804e-02        3.917404260821882e-02        1.151487507994361e-02        1.457276058761731e-02        3.352604994135813e-02        3.162756375782563e-02        6.562020566959462e-02        4.924673006414386e-02
1.053200000000000e+02        1.157403227205050e-01        4.454111078988772e-02        3.228074048543772e-02        7.331015718467752e-03        7.751269720592296e-03        2.767301226332000e-02        1.685377861426698e-02        2.282123347997600e-02        2.686027876087633e-02
1.264000000000000e+02        9.156585578552472e-02        4.076343783474740e-02        2.556159431634752e-02        7.216582141978315e-03        4.901404659449751e-03        1.884134835086880e-02        1.586664430810083e-02        -8.442098537905644e-03        2.091915555466272e-02
1.516800000000000e+02        7.640660622957826e-02        2.600969872042674e-02        2.138839101765028e-02        8.231683901792007e-03        7.745398703261583e-04        1.138232770510090e-02        1.851674207307195e-02        -2.591995445821035e-02        1.224003361982448e-02
1.820000000000000e+02        6.662841491421852e-02        1.189283130301180e-02        1.296095258764741e-02        5.239204591824783e-03        2.078295296198628e-03        1.729479705579405e-02        1.608179385821549e-02        2.443278884483935e-03        9.591861810319877e-03
2.184200000000000e+02        5.828490510533034e-02        -9.605825521845074e-03        2.935737382556100e-03        9.419466688050347e-03        2.137003670964175e-03        1.197656422771908e-02        1.398988460362778e-02        4.855576353811996e-03        1.612015642749536e-03
2.621000000000000e+02        3.662231869379488e-02        -9.741949001909592e-03        3.745871774157021e-03        1.587016325513419e-02        -2.233169050354513e-03        7.339958775678720e-03        1.044447277420597e-02        -3.780063720376556e-03        1.063015011037623e-03
3.145200000000000e+02        1.936285323631783e-02        -1.521365162985039e-02        4.706925764725076e-03        7.438477208666509e-03        1.075280032860835e-04        3.131038413920055e-03        1.033672701110762e-02        2.555758203777904e-02        9.570110459466459e-05
3.774200000000000e+02        3.362335989547996e-03        -1.112025094484214e-02        8.055243363225677e-03        -9.332280656140762e-03        -7.314022529409613e-04        -7.093670893527471e-03        1.250522857310903e-02        1.431987210262026e-02        6.820659927395691e-03
4.529000000000000e+02        2.302471480091382e-03        5.361877327340458e-03        3.820171021756313e-03        -1.781582878559050e-03        2.243575572626224e-03        6.467349886301520e-03        1.266259118885628e-02        -9.782163451115251e-03        4.545640923158100e-03
5.434800000000000e+02        -1.725051760766505e-02        -4.599767919560861e-02        -3.330491326985786e-03        4.888742477554597e-03        1.011180609520265e-03        6.477654493996112e-03        1.212775803338705e-02        -2.866296955911904e-03        -1.447861393105357e-02
6.521800000000001e+02        -2.225690769138519e-02        -4.419020677588617e-02        6.399666786214239e-03        5.868320771371918e-03        3.428011495025423e-03        5.875511107139432e-03        -5.410748386844331e-03        -1.000938772141294e-02        -1.122954983793876e-03
7.826000000000000e+02        -1.559623745139582e-02        1.223506116881118e-02        3.977566012853792e-03        6.281918893999521e-03        -4.081186397493415e-03        -7.809935888167308e-03        4.856199117243643e-03        -1.699695138603681e-02        4.613240542666404e-03
9.391200000000000e+02        -5.947580568463525e-03        2.418888701844926e-02        5.495935568667154e-03        -8.259316054279547e-03        -9.510019909566261e-03        -1.414534227326163e-02        8.080263842637294e-03        -4.532251299866905e-02        3.153478318013720e-04
1.126960000000000e+03        -2.486930635987172e-04        2.320429561332450e-03        2.068734969803173e-03        4.537209601849436e-03        -6.730060165392532e-04        -7.281587493023433e-03        -8.426593325638570e-03        2.643692815031270e-03        -1.386562529681582e-03
1.352340000000000e+03        8.506590102099055e-04        6.085999054211190e-02        -1.877653423467514e-03        -4.576988129968787e-04        1.579321852663806e-03        -3.239932666443147e-03        1.187382050710340e-03        -5.313132516958777e-03        1.395472363031345e-02
1.622800000000000e+03        2.725379992790542e-02        -5.590368926079461e-03        1.524895944506357e-03        1.455593058851864e-04        -5.028141749516850e-05        -5.179652288873025e-03        7.136063698750127e-03        -1.313296808263048e-02        -1.792493403797579e-02
1.947380000000000e+03        -1.094886600243057e-02        3.154109564490418e-02        1.130552610107121e-02        -4.257710948172450e-03        -3.230841604580263e-03        7.179627827789527e-03        -1.596938307973134e-03        2.436836946472029e-02        -7.831812238047376e-03
2.336840000000000e+03        -2.779411202491608e-02        -2.439880496016017e-02        -4.835106917908597e-03        1.546537405801307e-03        5.423984933945397e-04        -6.056050148431059e-03        -5.552082404340324e-03        -7.190604928869561e-03        1.819629887102153e-02
2.804220000000000e+03        4.535080295765656e-03        8.959959908721967e-03        -4.490093896962747e-03        1.258411911500774e-02        7.199403591195868e-04        1.555958842000159e-02        5.997327154655045e-03        5.357822466488972e-03        -9.716105094683054e-03
3.365060000000000e+03        5.196292235649600e-03        -1.093186956211731e-02        -1.965202676513160e-03        1.319734205513008e-03        -1.810852840514216e-03        -2.621839830590920e-03        -1.112030200172188e-02        -1.006575219214497e-03        1.167639174915196e-03
4.038060000000000e+03        4.370604633321949e-03        7.996907476471915e-03        -6.305536836361613e-03        -1.294428299512789e-02        -6.044458152396963e-04        4.081352509265347e-03        8.260681909378079e-03        -1.553554229765045e-02        2.939327556140288e-03
