# Collective intermediate scattering function computed by LiquidLib
# k
9.912274604532972e-01
1.132831383375197e+00
1.274435306297097e+00
1.416039229218996e+00
1.557643152140896e+00
1.699247075062795e+00
1.840850997984695e+00
1.982454920906594e+00
2.124058843828494e+00
# t                 F(k, t)
0.000000000000000e+00        5.063099580770919e-01        4.506125034938511e-01        3.601679123723786e-01        3.747006926336728e-01        4.419084208836829e-01        6.079272312839819e-01        9.594952170347014e-01        1.576148958999616e+00        1.677813475287027e+00
2.000000000000000e-02        5.029042089858815e-01        4.461859519575749e-01        3.545659105499238e-01        3.677807100432126e-01        4.334834534703317e-01        5.978923611570467e-01        9.477022400759534e-01        1.562466951754990e+00        1.662097634217441e+00
4.000000000000000e-02        4.947492267170377e-01        4.357548449851885e-01        3.414615911702773e-01        3.515600650572083e-01        4.135220009910263e-01        5.737892655562732e-01        9.190073175483834e-01        1.528875644446307e+00        1.623398275955064e+00
6.000000000000000e-02        4.860270447007008e-01        4.249697991514904e-01        3.280704627952779e-01        3.347518349335349e-01        3.921296975850163e-01        5.469711361363593e-01        8.859986387344755e-01        1.489410427892662e+00        1.577636418705530e+00
8.000000000000000e-02        4.795133534356848e-01        4.173548623825985e-01        3.186777516652778e-01        3.223718415638097e-01        3.751010106180160e-01        5.240089269574049e-01        8.560839937422182e-01        1.452519899968265e+00        1.534613822023316e+00
1.000000000000000e-01        4.751148933379391e-01        4.125011459329947e-01        3.125566906518593e-01        3.135120635650067e-01        3.615838313169741e-01        5.042671493064477e-01        8.289526053502266e-01        1.418307720617503e+00        1.494883830509175e+00
1.200000000000000e-01        4.710888672309355e-01        4.079711239351076e-01        3.066328758605148e-01        3.047161942973432e-01        3.479413211556754e-01        4.840441707778576e-01        8.008730827303814e-01        1.382963585382240e+00        1.454452873354389e+00
1.400000000000000e-01        4.662170490534313e-01        4.022538077510748e-01        2.991933086268015e-01        2.942620018128414e-01        3.324316413092290e-01        4.615302057926348e-01        7.698813808988207e-01        1.344282807653938e+00        1.410852669820516e+00
1.800000000000000e-01        4.562846324084902e-01        3.907729500234309e-01        2.846337718580340e-01        2.745529142474175e-01        3.029320740359503e-01        4.173244888653287e-01        7.069357093497551e-01        1.264627779801431e+00        1.322258225848786e+00
2.200000000000000e-01        4.516675073039352e-01        3.858272317916395e-01        2.783061290646081e-01        2.650309298133699e-01        2.858056633326542e-01        3.867362181219610e-01        6.571360994525015e-01        1.197846938926806e+00        1.249261039218257e+00
2.600000000000000e-01        4.491361793905578e-01        3.828702146694368e-01        2.745296402655787e-01        2.594434242695214e-01        2.756344280278970e-01        3.661633652892058e-01        6.188899020694560e-01        1.143308958144238e+00        1.190642290851721e+00
3.000000000000000e-01        4.453430057100787e-01        3.786128641228705e-01        2.695361822969556e-01        2.537198103412507e-01        2.673976505490198e-01        3.501675642775725e-01        5.866477631589135e-01        1.094755755076342e+00        1.138370237122490e+00
3.600000000000000e-01        4.392563473326224e-01        3.719299911400455e-01        2.621262342857451e-01        2.457059739224862e-01        2.575992882083222e-01        3.330353522250394e-01        5.483226268738463e-01        1.032151625243810e+00        1.070448614322674e+00
4.400000000000000e-01        4.313084973698677e-01        3.629465619852946e-01        2.519871176755997e-01        2.339471407997402e-01        2.436825127246594e-01        3.142284719301532e-01        5.082283940724955e-01        9.622917542030549e-01        9.941818962879588e-01
5.400000000000000e-01        4.240577070669677e-01        3.552302353209227e-01        2.428519300151226e-01        2.224311741909625e-01        2.280123374990624e-01        2.938459970225634e-01        4.698434421767987e-01        8.922048070989111e-01        9.177927279671461e-01
6.400000000000000e-01        4.180593593883926e-01        3.484353054657209e-01        2.355918916505389e-01        2.139152001495630e-01        2.163271916272942e-01        2.765121907460978e-01        4.398968460263302e-01        8.373618372466530e-01        8.581566141458696e-01
7.600000000000000e-01        4.124384143590477e-01        3.415683229712143e-01        2.288554724283359e-01        2.064308200310954e-01        2.068850327132351e-01        2.612327368055452e-01        4.133351708439722e-01        7.878812447484125e-01        8.040360699858087e-01
9.200000000000000e-01        4.059355520056002e-01        3.342555861837141e-01        2.211268614934178e-01        1.979320301465735e-01        1.968267923166727e-01        2.468872423225739e-01        3.880364289756079e-01        7.399697670851908e-01        7.507014560718247e-01
1.100000000000000e+00        4.001739573494449e-01        3.273325813730023e-01        2.144373815634713e-01        1.909745985147500e-01        1.876265077362828e-01        2.338610857080373e-01        3.669242979113597e-01        7.000931521028569e-01        7.068705424440169e-01
1.320000000000000e+00        3.939604781134361e-01        3.206912498504248e-01        2.075670396686037e-01        1.843122043239805e-01        1.784147497259501e-01        2.222699130102228e-01        3.455672389220642e-01        6.625823233583599e-01        6.662042346950731e-01
1.580000000000000e+00        3.879037497986685e-01        3.144696514764230e-01        2.007891951326418e-01        1.773541517256211e-01        1.698838063887789e-01        2.097552828020868e-01        3.260385565809854e-01        6.283199872508912e-01        6.284123953893465e-01
1.900000000000000e+00        3.813393169921566e-01        3.063605676945474e-01        1.934161865748615e-01        1.695666694345888e-01        1.599026129535604e-01        1.981131115154226e-01        3.059178105127952e-01        5.884843021262619e-01        5.904844095175361e-01
2.280000000000000e+00        3.743947665221822e-01        2.991332522513085e-01        1.859128230119500e-01        1.608692355819376e-01        1.505504451489671e-01        1.858052712538265e-01        2.859783153596663e-01        5.501859687857954e-01        5.507896562828603e-01
2.740000000000000e+00        3.659336872259583e-01        2.919015708781947e-01        1.774696590345410e-01        1.514184302878619e-01        1.400570905690781e-01        1.719704806924972e-01        2.650112513777326e-01        5.135637703535948e-01        5.100748432396570e-01
3.300000000000000e+00        3.569174035174427e-01        2.829279925587602e-01        1.683032516517848e-01        1.417997329943200e-01        1.289748531876929e-01        1.573179013150724e-01        2.414093279888243e-01        4.736961300895401e-01        4.690936956218519e-01
3.960000000000000e+00        3.464955504577010e-01        2.712701351345075e-01        1.586920108257732e-01        1.327571582441681e-01        1.176855612373902e-01        1.414873859720518e-01        2.149501077182894e-01        4.295635545320608e-01        4.224782082240194e-01
4.740000000000000e+00        3.344294975768230e-01        2.562558794401312e-01        1.478164433392595e-01        1.222788934704256e-01        1.055689688768147e-01        1.246513613823043e-01        1.900249191958623e-01        3.832733091386575e-01        3.771095286004582e-01
5.700000000000000e+00        3.198584937717401e-01        2.413923881609940e-01        1.356837993773006e-01        1.108954535417647e-01        9.251188997619232e-02        1.078786236720551e-01        1.634606435923359e-01        3.291481018653098e-01        3.250485690425790e-01
6.840000000000000e+00        3.040304922931594e-01        2.259913043565067e-01        1.228343584866221e-01        9.809355565551817e-02        7.986900823023343e-02        9.124179967285224e-02        1.380576272727973e-01        2.795802139274765e-01        2.718456431132718e-01
8.199999999999999e+00        2.862594345687212e-01        2.079416644678756e-01        1.091046768245457e-01        8.601889743232730e-02        6.747072547777395e-02        7.502491098017790e-02        1.136117486748868e-01        2.347384434516115e-01        2.215950489663379e-01
9.840000000000000e+00        2.671471582411689e-01        1.878499879031607e-01        9.558862400113748e-02        7.560920997451397e-02        5.457067716389355e-02        5.923498400746618e-02        9.177886539283053e-02        1.868592436237599e-01        1.762104037013694e-01
1.182000000000000e+01        2.455264448957554e-01        1.670453981965975e-01        8.108537981299886e-02        6.238002218921484e-02        4.379475031648951e-02        4.764792299456484e-02        6.956865827681702e-02        1.400033759369310e-01        1.359389759326025e-01
1.418000000000000e+01        2.207246870636458e-01        1.426601631171190e-01        6.700325226797832e-02        5.003039971439946e-02        3.272199260574456e-02        3.620896011405100e-02        4.381778517986356e-02        1.059306049628888e-01        1.059075503352374e-01
1.702000000000000e+01        1.944801963133005e-01        1.167326008576554e-01        5.450142105412745e-02        3.935489395247916e-02        2.522928145474773e-02        2.926767160436175e-02        3.103836304308397e-02        7.775953201819570e-02        7.781203914564259e-02
2.042000000000000e+01        1.682026965014632e-01        9.059648330214112e-02        4.366751561174018e-02        2.965325030623066e-02        1.763655233638038e-02        1.966151181906473e-02        1.546504280242238e-02        5.678119586567923e-02        5.399073485049867e-02
2.450000000000000e+01        1.409852756540935e-01        6.492602469173438e-02        3.309272882912227e-02        2.159474361734861e-02        1.306984933749413e-02        1.655687352959202e-02        1.299509021050865e-02        2.835052181434045e-02        3.270165285675578e-02
2.940000000000000e+01        1.129579785384588e-01        4.321119343387944e-02        2.353719125953882e-02        1.505701398731628e-02        7.055784662616357e-03        7.292604788102101e-03        1.065498956230323e-02        1.887975173951241e-02        1.652480969191884e-02
3.528000000000000e+01        9.024884128401396e-02        2.818216252088835e-02        1.460546466360388e-02        1.081117673391674e-02        3.654330909229724e-03        5.005087638382677e-04        5.866503348772609e-03        1.458764041190319e-02        3.287258929877141e-03
4.232000000000000e+01        6.971805716217487e-02        2.707593383345072e-02        8.909174005518201e-03        8.555072133423795e-03        1.651348856988014e-03        -1.469286708012978e-03        8.276314756674676e-03        1.243313777635107e-04        -1.010808252131152e-03
5.080000000000000e+01        5.475557861068386e-02        3.366703430055810e-02        4.663858557525112e-03        2.246621762859620e-03        2.358613594750208e-03        5.076118972972857e-03        6.388165066851250e-03        6.459392911957115e-03        -1.071776149088137e-03
6.096000000000000e+01        4.163434954751103e-02        2.562300357601359e-02        1.334338536810750e-03        1.283222286264941e-03        2.236504597350928e-03        4.132283250886120e-03        3.588535232954854e-04        3.834556554614232e-03        9.217034448194434e-03
7.314000000000000e+01        3.484446360997193e-02        5.128926070698813e-03        -1.931395500557365e-03        -2.196588772568217e-03        3.640561099579119e-04        -2.959689067073726e-03        -9.389623348598445e-03        4.399032836942856e-03        2.027864795439797e-03
8.778000000000000e+01        3.286255753020396e-02        9.494590895517806e-03        -6.362495331936320e-04        -4.761505001890423e-03        6.149666468735734e-04        1.535259617890095e-03        -3.475278247672707e-03        -7.046439087160634e-03        2.305442033245726e-03
1.053200000000000e+02        3.476226584300580e-02        1.191987484681831e-02        -3.463917150347410e-03        -3.420137652799170e-03        -3.268574118016048e-04        4.163285837919905e-03        -2.290299798298302e-03        1.059836243892196e-03        4.013158856934443e-03
1.264000000000000e+02        2.689732307655100e-02        2.752354600042781e-03        3.965152127796139e-04        -1.843650942923337e-03        -1.294738412756114e-03        -5.994929109867091e-03        2.433897678181126e-03        -6.349849822024676e-03        -5.797564358669417e-03
1.516800000000000e+02        2.327068702719603e-02        1.078002260638717e-02        1.701387546864134e-03        2.163783162319465e-03        2.136504689472005e-03        4.782808768247171e-04        1.754840712446679e-03        1.109965553239926e-05        6.780311383293173e-03
1.820000000000000e+02        1.302331093610642e-02        2.083710242225638e-03        -3.599308906103558e-04        7.277134851554453e-03        2.237487531822303e-03        4.495534564340774e-04        -1.395141293275509e-03        7.285343873048222e-03        4.527548199885901e-03
2.184200000000000e+02        1.642300037534950e-02        -3.545274740749128e-02        1.853043364888363e-03        -3.435692373634697e-03        2.687310942826869e-03        -3.552654089060040e-03        -1.642429500731445e-03        5.709347399648957e-03        4.519024274089172e-03
2.621000000000000e+02        7.528806355996934e-03        -2.546283872715875e-02        -7.693111893346507e-04        -2.349768374353038e-03        -1.179684072462638e-03        3.789054008178994e-03        3.883668778043769e-03        1.652462346441544e-03        -3.472793547637453e-03
3.145200000000000e+02        7.912348208407636e-03        -2.851750899947170e-03        2.591925514266547e-03        -2.048553902438141e-03        2.163732142654114e-03        -8.002212134696857e-05        6.426245782825048e-03        -3.189697912595153e-03        3.340105031483234e-03
3.774200000000000e+02        3.531621158897388e-03        2.507743327333287e-02        1.026996360067882e-03        6.202490249726137e-03        2.688107993531248e-03        1.865136480815999e-03        5.596075071769469e-03        -8.375766537923063e-04        9.944770947091445e-04
4.529000000000000e+02        -1.233141639090016e-03        1.364266477684935e-02        1.479689329572530e-03        -4.206922465309135e-03        -8.636129002541678e-04        -3.107967443903072e-03        -3.485205670407779e-03        -7.252844490337693e-03        -2.322181455314531e-03
5.434800000000000e+02        -2.511792027054041e-02        -3.324711972334810e-02        -3.486973447486978e-04        -2.105692644992535e-03        -4.689917823588913e-04        -2.136681540092946e-04        6.835918272940541e-03        -1.786340222348508e-02        5.211573067716519e-03
6.521800000000001e+02        -2.191714365030416e-02        -1.017364164333786e-02        2.973149525348512e-03        1.251932773094795e-03        4.100673427562204e-03        2.493834282505486e-03        1.341201518401663e-03        -5.108671637426697e-03        -6.830766473087691e-04
7.826000000000000e+02        -4.550108718936280e-04        -1.034415958263981e-02        -2.204869557898610e-03        4.161861084487330e-03        2.245012424618674e-03        3.587218289584324e-03        -2.144918648665051e-03        7.935924972160788e-03        2.647206042382386e-04
9.391200000000000e+02        3.790426677272231e-03        -4.308374124682331e-02        -2.541901700224521e-04        -1.585812439037594e-03        2.871139668344580e-03        4.227497017923759e-04        7.574982386977502e-04        -9.410015811031954e-03        -3.064614231389470e-03
1.126960000000000e+03        -4.924564336717513e-03        1.265585958391083e-02        -1.898826038009765e-04        2.661132306836545e-03        -1.584238814852470e-03        -5.153276527521688e-03        8.011345108611009e-04        -1.025781902592101e-02        5.344847972692607e-03
1.352340000000000e+03        5.250278390757703e-03        -2.031309035604426e-03        -2.664597263528235e-03        -3.654292655347128e-04        -1.324972549822289e-03        1.986677522488153e-03        -7.339492062279909e-03        2.036109107691574e-02        7.049148551748168e-03
1.622800000000000e+03        -4.010640436912861e-03        -9.164027107363647e-03        6.170027086368953e-04        -6.039720297760757e-03        3.256127706475361e-03        8.309717180858700e-04        -5.837580643590711e-03        7.611567925945559e-03        9.690971136136660e-04
1.947380000000000e+03        -1.358991337768379e-03        3.348749049391343e-02        1.949236589094379e-03        -3.275459904671704e-03        -1.369298395822859e-03        8.496575189926376e-03        4.837069708412762e-03        -9.272949949970549e-03        -1.007400825526296e-02
2.336840000000000e+03        -1.945858073922027e-03        3.117526306338083e-02        2.914541069640289e-03        -5.781027811311775e-03        2.599764757930764e-03        -1.346537005738231e-03        -3.400938555648218e-03        -2.332033496007379e-04        3.023425337080736e-03
2.804220000000000e+03        1.484105262236141e-02        -2.026983692476612e-02        -3.387237348140513e-05        -8.736540214500102e-06        -2.707435742497352e-03        -3.900796195337920e-03        3.836714188568327e-03        -8.772706751823907e-05        4.947677902218331e-03
3.365060000000000e+03        4.970789386431669e-03        -1.050722403302926e-02        -1.755149729537387e-03        -1.004261751137139e-03        7.636569662089298e-07        -3.092171693325184e-04        3.509704568706954e-03        -1.045875454727086e-02        -1.740005153944469e-03
4.038060000000000e+03        2.694851127983691e-03        -2.122967891783455e-02        -2.254227905384125e-03        -4.518851142433292e-05        -3.087448077369687e-03        -6.722420255650387e-03        1.360043573974875e-03        8.769574607318194e-03        7.462670740482054e-03
