# Collective intermediate scattering function computed by LiquidLib
# k
9.866392993091047e-01
1.127587770638977e+00
1.268536241968849e+00
1.409484713298721e+00
1.550433184628593e+00
1.691381655958465e+00
1.832330127288337e+00
1.973278598618209e+00
2.114227069948082e+00
# t                 F(k, t)
0.000000000000000e+00        5.180806903483364e-01        4.225635271726036e-01        3.747606649780013e-01        3.722570166597837e-01        4.452397116918018e-01        5.985710839310635e-01        9.472496088133430e-01        1.525028609686840e+00        1.638723956940721e+00
2.000000000000000e-02        5.145001729201852e-01        4.178841195566207e-01        3.688549828126705e-01        3.649511548529518e-01        4.363921660074000e-01        5.880214601525751e-01        9.348517741571813e-01        1.510605846575850e+00        1.622196017455609e+00
4.000000000000000e-02        5.058993081158589e-01        4.068275902434174e-01        3.550093187183687e-01        3.477912124718879e-01        4.154177418740528e-01        5.626897721218364e-01        9.046911855311699e-01        1.475198822157131e+00        1.581497382790318e+00
6.000000000000000e-02        4.966097392330320e-01        3.952996537826011e-01        3.407474350364319e-01        3.298805005102933e-01        3.928495910628673e-01        5.344276772641797e-01        8.699144882168387e-01        1.433502153738095e+00        1.533244749898333e+00
8.000000000000000e-02        4.895158666515417e-01        3.869907771925796e-01        3.305352588294622e-01        3.164527316370810e-01        3.746812983897695e-01        5.100202475218780e-01        8.381558734148855e-01        1.394255802012856e+00        1.487553219246917e+00
1.000000000000000e-01        4.845738425220071e-01        3.815267108926740e-01        3.236871392814932e-01        3.066483022611035e-01        3.600930319866148e-01        4.888592929803120e-01        8.091301394859290e-01        1.357622232854392e+00        1.445073817226060e+00
1.200000000000000e-01        4.800675647802818e-01        3.764536359147529e-01        3.171479387484145e-01        2.970388645021419e-01        3.455225640686160e-01        4.673470257864066e-01        7.792418627347000e-01        1.319947875022720e+00        1.402017267188750e+00
1.400000000000000e-01        4.747915908048342e-01        3.702432339645823e-01        3.092284135451276e-01        2.859268426896431e-01        3.293264542388946e-01        4.438249407732999e-01        7.467426085625405e-01        1.279249676770719e+00        1.356158883745941e+00
1.800000000000000e-01        4.641513667863218e-01        3.577908583464722e-01        2.939039629537724e-01        2.650755084617414e-01        2.988607081324817e-01        3.981641555192528e-01        6.815534487382257e-01        1.196311626197731e+00        1.263840807260030e+00
2.200000000000000e-01        4.586954789086317e-01        3.518127965566582e-01        2.866002770534652e-01        2.541985921434121e-01        2.803565758726730e-01        3.657104806852710e-01        6.293065352841805e-01        1.125987261962435e+00        1.186642513958046e+00
2.600000000000000e-01        4.553023698921470e-01        3.479382001875501e-01        2.818129234759946e-01        2.473949124433719e-01        2.686797318364417e-01        3.432035870835666e-01        5.886020656724077e-01        1.067940287328779e+00        1.123642600841528e+00
3.000000000000000e-01        4.507333471939447e-01        3.428200047068923e-01        2.759174065835605e-01        2.405505629158238e-01        2.591534567276132e-01        3.256291970610073e-01        5.544237240945312e-01        1.016528458022024e+00        1.067696672638409e+00
3.600000000000000e-01        4.435883080699617e-01        3.351585228762510e-01        2.672507175733558e-01        2.309233527987618e-01        2.474533575845757e-01        3.061522463194588e-01        5.135493804961009e-01        9.501959932018453e-01        9.950034744366397e-01
4.400000000000000e-01        4.342859389696521e-01        3.247141252343896e-01        2.555369880415513e-01        2.171631328591672e-01        2.315213673803261e-01        2.850508092215461e-01        4.710996602461079e-01        8.764895789776191e-01        9.132656019855023e-01
5.400000000000000e-01        4.254262140729334e-01        3.151226745010727e-01        2.445460619174706e-01        2.037043769386985e-01        2.139057513447243e-01        2.625666881820423e-01        4.302621689569961e-01        8.022901373820934e-01        8.308001337386191e-01
6.400000000000000e-01        4.178326880459404e-01        3.066889930960703e-01        2.356598595632903e-01        1.936997031334384e-01        2.004087892447670e-01        2.441824824659291e-01        3.982997560912759e-01        7.433593189817256e-01        7.647306757640195e-01
7.600000000000000e-01        4.103007255992520e-01        2.981556849572526e-01        2.269873316401695e-01        1.842319576829251e-01        1.885347981572484e-01        2.281382032967751e-01        3.687542052088417e-01        6.887754829308490e-01        7.035805808473169e-01
9.200000000000000e-01        4.017067734007571e-01        2.891190746672426e-01        2.171735132015786e-01        1.732384938617006e-01        1.755729290248161e-01        2.099174981053842e-01        3.387043339485742e-01        6.343036308697474e-01        6.419173803968886e-01
1.100000000000000e+00        3.934079604593244e-01        2.802775966646356e-01        2.081130446262396e-01        1.634008726385976e-01        1.646241536264701e-01        1.929732077745988e-01        3.125935648088707e-01        5.873779911244716e-01        5.884233550500765e-01
1.320000000000000e+00        3.846134582337054e-01        2.710408509153958e-01        1.987753385642283e-01        1.544997291631835e-01        1.531353006314125e-01        1.777030373599404e-01        2.868562870061391e-01        5.419197801398181e-01        5.385301533885662e-01
1.580000000000000e+00        3.755122981745881e-01        2.614351077428538e-01        1.891164140540701e-01        1.456855590110157e-01        1.424821448051604e-01        1.620501265734969e-01        2.607582428991457e-01        4.959975959025723e-01        4.925009725345705e-01
1.900000000000000e+00        3.655966972033602e-01        2.510464396938581e-01        1.790803308165504e-01        1.357354483100593e-01        1.316844490727447e-01        1.466112930787324e-01        2.344309866667662e-01        4.505079234903662e-01        4.450609157597429e-01
2.280000000000000e+00        3.545079148024458e-01        2.387417815702261e-01        1.685527421279498e-01        1.255967054368436e-01        1.200164965142137e-01        1.322182376063733e-01        2.105745610892132e-01        4.071204772531853e-01        3.972111225302606e-01
2.740000000000000e+00        3.423616849491367e-01        2.258176202687458e-01        1.568923374158768e-01        1.149109221688259e-01        1.078784379098643e-01        1.160827628428286e-01        1.852332911579620e-01        3.622954230274429e-01        3.485031761140691e-01
3.300000000000000e+00        3.288022581407345e-01        2.126630599138636e-01        1.441001032217921e-01        1.030234765353250e-01        9.427445452470269e-02        1.001314784174731e-01        1.589980043694405e-01        3.204965418138567e-01        3.020279066321205e-01
3.960000000000000e+00        3.137405783851939e-01        1.971658038742590e-01        1.309992423239248e-01        9.152136177716538e-02        8.316576635085374e-02        8.596212702860417e-02        1.344107092660979e-01        2.758424310196020e-01        2.566113182736984e-01
4.740000000000000e+00        2.968615565421552e-01        1.810942177681849e-01        1.170505183833808e-01        7.741031805155274e-02        7.096741587076606e-02        7.231625756638238e-02        1.116157679793776e-01        2.304693327765115e-01        2.097463425871746e-01
5.700000000000000e+00        2.773446868869315e-01        1.633153277869164e-01        1.016203986551737e-01        6.491693955727582e-02        5.821633103041064e-02        5.990945942639959e-02        8.895832137719359e-02        1.842783378997770e-01        1.606396562948748e-01
6.840000000000000e+00        2.551894321244337e-01        1.395819151773127e-01        8.606801914443681e-02        5.212009439103140e-02        4.681559333426353e-02        4.319260002065876e-02        6.706470929551465e-02        1.387835835887413e-01        1.201810033178260e-01
8.199999999999999e+00        2.319464433615570e-01        1.193599325552217e-01        7.189725200529520e-02        4.072973487894143e-02        3.606975394095225e-02        3.042944829968543e-02        4.796572730220905e-02        1.086144402664311e-01        8.646672674110223e-02
9.840000000000000e+00        2.068804787492199e-01        9.372571010449567e-02        5.784201411467246e-02        2.869977929162756e-02        2.477391184684389e-02        2.154818084754792e-02        3.351140462705703e-02        7.299154701997881e-02        5.994384598266178e-02
1.182000000000000e+01        1.788250463676186e-01        7.304643486035142e-02        4.411586744526270e-02        2.032960011865073e-02        1.740841621135467e-02        1.576159592765422e-02        2.479899854219436e-02        4.224703803334958e-02        4.033976864243503e-02
1.418000000000000e+01        1.513434277723094e-01        5.393019143700611e-02        3.285468880521893e-02        1.253345477597135e-02        1.338294185417368e-02        8.064308421702566e-03        1.337727072400495e-02        2.192224874317300e-02        2.196579191634136e-02
1.702000000000000e+01        1.239869131092051e-01        4.030719277271147e-02        2.257837731353651e-02        7.084291427232233e-03        9.301675995566612e-03        4.380796308581165e-03        7.288305238148704e-03        1.573827961381381e-02        1.776212814548506e-02
2.042000000000000e+01        9.638806355104117e-02        2.545551336631546e-02        1.338511512989767e-02        3.777428233686992e-03        5.851647944536803e-03        5.569629815864020e-03        4.299336568476041e-03        1.025116362209289e-02        1.006814613234819e-02
2.450000000000000e+01        7.162621777284738e-02        8.942526245352257e-03        8.932326323341538e-03        1.983996673367132e-03        4.015464830571538e-03        2.977272877127297e-03        1.455662958273154e-03        1.951824605748904e-03        6.034961801811069e-04
2.940000000000000e+01        5.117510917525605e-02        2.873331581803459e-03        3.920467321526274e-03        2.157354693334576e-03        3.048858722980478e-03        -1.004102343555870e-03        -3.607633927241431e-03        4.604891987158757e-04        5.794970864762280e-03
3.528000000000000e+01        3.545412579642811e-02        4.050058546508324e-03        -1.470268481017485e-04        1.737590875402680e-03        1.317098725963133e-03        5.402500491154858e-03        -6.884741303172082e-04        -9.180361252450742e-03        1.827163060274352e-03
4.232000000000000e+01        2.488506349968771e-02        5.406458566175447e-03        -2.117228176530914e-03        -1.745299733361749e-04        -4.562600004289279e-04        2.689069808407034e-03        -8.125902560509038e-04        1.863004122430921e-03        2.573268565616298e-03
5.080000000000000e+01        1.589396721065955e-02        -6.254532468882639e-03        -1.030217932493560e-03        6.516706281314117e-04        -3.336486534415094e-03        2.579668714730609e-03        -5.232904247790609e-04        9.563063960382338e-03        -2.739089761617566e-04
6.096000000000000e+01        1.001101705258770e-02        -9.171236096614641e-03        1.162927422010944e-03        8.410793139309659e-05        -2.416820723061896e-03        -2.915350522954275e-03        3.437648654187383e-03        -3.362159804499085e-03        4.606956608547386e-04
7.314000000000000e+01        1.748595771163626e-03        3.417940402715369e-03        -1.665352350203302e-04        -4.766627584813491e-03        4.661516194063976e-04        -7.314138574450266e-03        -2.666918210259174e-03        8.582077572023177e-04        -2.881797745052583e-04
8.778000000000000e+01        -5.436957960993543e-03        -2.013196242491016e-02        -2.411865707721512e-03        3.217240589123640e-03        1.221358917885201e-04        -4.609016949400382e-03        -1.871393104280496e-03        -1.624762695161903e-02        -8.552668589568888e-04
1.053200000000000e+02        -1.564090161447971e-03        -2.046433308185158e-02        -2.130344293166741e-03        -5.167657299246727e-03        -9.246147242962604e-05        6.363096395720666e-04        9.720715653404814e-04        3.392438768016299e-03        5.642354764092977e-03
1.264000000000000e+02        -1.048515094173972e-03        -5.314437838623862e-03        -1.832174911821142e-03        2.591676196358615e-04        -2.720422483093967e-03        1.155434836132718e-03        3.139828148389625e-03        -2.571262454727558e-03        1.515471759292603e-03
1.516800000000000e+02        -3.957752305044982e-03        3.584132645421639e-03        -1.439868734562142e-03        -3.024702091189151e-03        -5.574722063704565e-04        -2.712753756324870e-03        4.012256018979489e-03        8.637213281073264e-04        1.584459645780337e-04
1.820000000000000e+02        3.026846447474649e-03        1.274110862454781e-02        -1.162818447554136e-03        7.324611387291458e-04        1.358912974481494e-03        3.342486895646949e-03        -1.229404308583887e-03        4.275759890777816e-03        2.365325924456661e-04
2.184200000000000e+02        -3.756396336507806e-03        7.596836290724170e-03        -2.432285991400605e-03        -2.288530649871772e-03        -1.001085190224232e-04        2.981962014654413e-03        2.519837021430366e-03        9.920237412291970e-04        -6.814492570026891e-03
2.621000000000000e+02        -9.771509809767474e-05        -1.387178302779074e-02        -2.919063318876653e-03        6.571054139739877e-03        9.943679424321841e-04        -1.829539566134184e-03        -4.550125551876280e-03        5.306882418291066e-03        3.876000406343815e-03
3.145200000000000e+02        1.590202016842359e-03        -5.968484864809313e-03        -1.738186356575103e-03        -1.256503307244895e-03        -8.538159947332755e-04        3.228760305618755e-03        3.019302289034513e-03        -1.159498245368024e-03        4.521664802260717e-03
3.774200000000000e+02        8.017503964749205e-03        5.073183537508041e-03        5.506766317718310e-04        2.476406936331229e-03        -3.407170873075089e-03        3.592554763833496e-03        -6.808095495712581e-03        5.843196241358328e-03        2.324036890909000e-05
4.529000000000000e+02        4.815190646434792e-03        2.038439892354119e-02        2.545302691806718e-03        1.048209461508769e-03        1.634110339622273e-03        3.239394426344723e-04        5.871034300801039e-03        2.947637707382828e-03        1.508056992731975e-03
5.434800000000000e+02        3.061969951539918e-03        -4.446823711483333e-03        -6.337431945017972e-04        -1.235264263234352e-03        -8.781929290550090e-04        9.624886695454496e-04        5.498673751141095e-03        5.804314073520232e-03        3.415901175703876e-03
6.521800000000001e+02        2.143945601989335e-03        4.113029421263128e-03        9.132976939933158e-04        4.356884247890346e-04        9.053228016942701e-04        -2.664431214726557e-03        1.534473669082911e-03        -6.323087519930263e-03        4.388820816371718e-03
7.826000000000000e+02        2.791237361653559e-03        -8.158940462292616e-03        -1.869484542251972e-03        8.554285426708316e-04        2.574996059046460e-03        -2.505401154026022e-03        -2.427381870610288e-03        -1.987585750753040e-03        -2.241224248812728e-03
9.391200000000000e+02        8.157982040405217e-03        -9.159513546168414e-03        9.227068738534951e-04        -2.396107724999612e-03        -2.073979144814009e-03        3.192626352514535e-03        -1.604073735699991e-03        4.078486696563046e-03        -4.801737048339126e-03
1.126960000000000e+03        7.484578639008620e-03        4.076951507002901e-03        -1.579560286042554e-03        -3.261740362753683e-04        3.015887756586795e-03        -5.954076338096762e-03        -5.546831443662477e-04        -4.623409133520919e-03        -8.228476299982877e-03
1.352340000000000e+03        -9.739508389401743e-04        6.854033337052943e-03        8.453290823789787e-04        -3.655955040643253e-03        2.647481754200665e-04        -3.173733251855115e-04        -2.482358557991109e-04        4.861492802209197e-03        -3.064498703807159e-03
1.622800000000000e+03        4.257604344285450e-03        1.346197486191950e-02        -2.171618055279249e-04        -2.862454495160186e-04        3.158303258304783e-03        1.431973805985316e-03        -6.810055329040155e-03        -9.932522736352400e-03        -4.718666886644347e-03
1.947380000000000e+03        5.244348467114607e-03        -1.314941099191385e-03        1.527610230936194e-03        -2.226482443233669e-03        -2.655878984575706e-03        1.967274282599317e-03        1.527863215511782e-03        2.135161113820918e-03        -3.480643744505095e-03
2.336840000000000e+03        -1.864448227202679e-03        1.945736668862950e-02        -2.552835269951686e-03        -2.138820603264033e-03        -5.721871295236285e-04        -2.372504385188909e-03        -1.057151160091751e-02        -3.047526947228527e-03        4.804186730290895e-03
2.804220000000000e+03        2.052020876877205e-03        5.592808916270782e-03        7.086850820715821e-04        2.546022215344030e-03        1.565434428184659e-03        2.853743277371566e-04        -5.097365106118711e-03        -1.574794377499581e-02        8.479460924810382e-03
3.365060000000000e+03        7.770781261996674e-03        -4.932123145938339e-03        1.829960900269476e-03        -1.128655860795516e-03        1.117957269034127e-03        2.643208561222995e-03        2.570204631244305e-03        -5.544378551387893e-03        1.587663637686316e-03
4.038060000000000e+03        -3.752209888437863e-03        1.529968563193876e-02        1.683604966899350e-03        3.859100197331122e-03        -2.436493363006029e-04        -9.208515139735689e-04        2.722092358420078e-03        2.844783077917575e-03        3.260626905078320e-03
