# Collective intermediate scattering function computed by LiquidLib
# k
1.004743200049079e+00
1.148277942913233e+00
1.291812685777388e+00
1.435347428641542e+00
1.578882171505696e+00
1.722416914369850e+00
1.865951657234004e+00
2.009486400098158e+00
2.153021142962313e+00
# t                 F(k, t)
0.000000000000000e+00        4.841679550696111e-01        3.360978167460977e-01        3.348863683421852e-01        3.315430422835995e-01        4.234357836322924e-01        6.352547924069416e-01        9.904842962480429e-01        1.778837972744288e+00        1.784426574116942e+00
2.000000000000000e-02        4.813198641418263e-01        3.324107002901708e-01        3.302083602764017e-01        3.257380886672908e-01        4.164064039822865e-01        6.268757142561308e-01        9.806499750071066e-01        1.767395597779869e+00        1.771285083015613e+00
4.000000000000000e-02        4.745592821941066e-01        3.238019833810765e-01        3.193429205093719e-01        3.121894677464314e-01        3.998118519116032e-01        6.067785371156569e-01        9.567571048265527e-01        1.739331934431964e+00        1.738953503248530e+00
6.000000000000000e-02        4.675133517531795e-01        3.151599013361274e-01        3.085107499001072e-01        2.984072553668880e-01        3.823169943065713e-01        5.846603387839420e-01        9.295873713672126e-01        1.706689247035627e+00        1.701072184966760e+00
8.000000000000000e-02        4.625612689009613e-01        3.094991738428887e-01        3.013969678794329e-01        2.887514517619848e-01        3.689587156392758e-01        5.662575228789246e-01        9.056508759506935e-01        1.676918385903499e+00        1.666269503098690e+00
1.000000000000000e-01        4.594897481300632e-01        3.062725505252129e-01        2.971676570004991e-01        2.822293309667138e-01        3.587647211490606e-01        5.508009679710361e-01        8.844315918255771e-01        1.649845977974660e+00        1.634748947146698e+00
1.200000000000000e-01        4.565818383221692e-01        3.030581921916242e-01        2.927861412600020e-01        2.753743026181132e-01        3.479922479567242e-01        5.344126569498888e-01        8.618719631606889e-01        1.621254331826337e+00        1.602065117816585e+00
1.400000000000000e-01        4.526794283967250e-01        2.983926207059324e-01        2.865679218447332e-01        2.663962542924896e-01        3.347123355407501e-01        5.149834252080014e-01        8.355497397761888e-01        1.588427406624395e+00        1.565202431076736e+00
1.800000000000000e-01        4.446443467334186e-01        2.888449019824330e-01        2.741743639303883e-01        2.490402645098626e-01        3.085957791040543e-01        4.755174339534836e-01        7.801204739864154e-01        1.518692243820262e+00        1.488071313538462e+00
2.200000000000000e-01        4.423465645522087e-01        2.865408295527332e-01        2.707926005066646e-01        2.430008823517967e-01        2.958889119606203e-01        4.508736849855881e-01        7.391298706237968e-01        1.463679477724829e+00        1.428415792275658e+00
2.600000000000000e-01        4.421172847965641e-01        2.861921256325223e-01        2.698884118494214e-01        2.410437898208045e-01        2.900856043562341e-01        4.363067555079930e-01        7.098626062870769e-01        1.421500516069597e+00        1.383675845183093e+00
3.000000000000000e-01        4.402805336931456e-01        2.839157871769094e-01        2.672503534959910e-01        2.381914628539667e-01        2.852060723868567e-01        4.247858659297555e-01        6.843954813524397e-01        1.382871187896855e+00        1.342680280632008e+00
3.600000000000000e-01        4.367675953286688e-01        2.802224191841188e-01        2.632962812076990e-01        2.343231283818752e-01        2.807495185905686e-01        4.145885897428464e-01        6.559901417932765e-01        1.334563680432157e+00        1.290949103182443e+00
4.400000000000000e-01        4.321540257899928e-01        2.749814032684423e-01        2.571919105904873e-01        2.268925431573490e-01        2.725904149221334e-01        4.033665055813401e-01        6.276215879190319e-01        1.281968715999456e+00        1.234270817729479e+00
5.400000000000000e-01        4.288206319277031e-01        2.711489504313385e-01        2.526063090584908e-01        2.204776448013555e-01        2.631114591340769e-01        3.908226365833987e-01        6.022144060027752e-01        1.231664996172279e+00        1.180383758346100e+00
6.400000000000000e-01        4.262632491618731e-01        2.683244679737826e-01        2.493558729213849e-01        2.165518306749643e-01        2.567241727254967e-01        3.808016002762251e-01        5.840776031844072e-01        1.195117958919619e+00        1.141863122154131e+00
7.600000000000000e-01        4.246793171298729e-01        2.664048951235505e-01        2.472038980797401e-01        2.140777229989909e-01        2.534630307350592e-01        3.751142269446406e-01        5.711956037460960e-01        1.167431838524562e+00        1.113092432580665e+00
9.200000000000000e-01        4.230133880328885e-01        2.641841907582284e-01        2.449034921195833e-01        2.116284329275906e-01        2.508644149587888e-01        3.713981440695123e-01        5.632076586837188e-01        1.146698868125001e+00        1.091584098333101e+00
1.100000000000000e+00        4.221005956715326e-01        2.629265657348501e-01        2.436477383737962e-01        2.105418831056602e-01        2.489428417355810e-01        3.692058585215467e-01        5.593780910206744e-01        1.135461295893212e+00        1.079932636657141e+00
1.320000000000000e+00        4.213552285596709e-01        2.620559374753629e-01        2.427403351131515e-01        2.097674030236210e-01        2.480553101619864e-01        3.672109825798420e-01        5.590891835376509e-01        1.131494138310537e+00        1.075910738922892e+00
1.580000000000000e+00        4.208098254371351e-01        2.613937732779978e-01        2.422980794879347e-01        2.089645591392378e-01        2.475661147871946e-01        3.666131037071709e-01        5.595949986459490e-01        1.130510347169557e+00        1.077040024829242e+00
1.900000000000000e+00        4.204411638134712e-01        2.611689115685646e-01        2.418539815238568e-01        2.084449769900707e-01        2.467887149408527e-01        3.655585397344924e-01        5.574416962525370e-01        1.129239974884103e+00        1.078238540071076e+00
2.280000000000000e+00        4.200590121241850e-01        2.598973941862895e-01        2.412164218022824e-01        2.076322600252816e-01        2.459202049527525e-01        3.649639522779241e-01        5.546226328444771e-01        1.130413139341607e+00        1.078216656551660e+00
2.740000000000000e+00        4.195884368542863e-01        2.588163882912259e-01        2.403246552174766e-01        2.067144955530853e-01        2.444713354820417e-01        3.625722034882886e-01        5.532990146284146e-01        1.129801840576363e+00        1.077601139337006e+00
3.300000000000000e+00        4.186320482589105e-01        2.585405054921621e-01        2.387687415791935e-01        2.048571315535423e-01        2.420849757915811e-01        3.602116451081248e-01        5.502138215926810e-01        1.122561851344236e+00        1.071737724830525e+00
3.960000000000000e+00        4.173795546777911e-01        2.569509655049634e-01        2.369928761837684e-01        2.024762199732070e-01        2.396966246635799e-01        3.548155903207578e-01        5.424583146089542e-01        1.112008640703108e+00        1.061137328994290e+00
4.740000000000000e+00        4.151025623295856e-01        2.547794827556473e-01        2.343139962096468e-01        1.997522921953539e-01        2.356761651937620e-01        3.497657079506380e-01        5.312298842707026e-01        1.091954161479926e+00        1.040855376954433e+00
5.700000000000000e+00        4.123851900193645e-01        2.510925676693477e-01        2.310478677463653e-01        1.956827966571347e-01        2.300587960411436e-01        3.418629668103983e-01        5.175024077157990e-01        1.068069629145714e+00        1.016956168417563e+00
6.840000000000000e+00        4.096898004555565e-01        2.479008636780361e-01        2.277041583885464e-01        1.922011637645087e-01        2.249355043964713e-01        3.331773111985871e-01        5.034079328808108e-01        1.045409409671471e+00        9.974895780872477e-01
8.199999999999999e+00        4.076675653944888e-01        2.459441593854990e-01        2.247226633171506e-01        1.882990566499063e-01        2.210194351979699e-01        3.276267497867769e-01        4.961926980316223e-01        1.034730556612620e+00        9.845509127801439e-01
9.840000000000000e+00        4.041627989891590e-01        2.420431025399095e-01        2.208435261469625e-01        1.836576706291934e-01        2.146273990732211e-01        3.196079086594968e-01        4.816880044660974e-01        1.005331970389893e+00        9.573765440348004e-01
1.182000000000000e+01        4.004993740139531e-01        2.379343160963585e-01        2.164044232590023e-01        1.778112260707105e-01        2.084893905311390e-01        3.105830089444323e-01        4.652590410270243e-01        9.820539919315507e-01        9.284589106364178e-01
1.418000000000000e+01        3.959121869269751e-01        2.328272153067982e-01        2.116489277436334e-01        1.718654001219062e-01        2.012164411906192e-01        3.021350448429184e-01        4.485376289054836e-01        9.504182796706315e-01        8.989108020395877e-01
1.702000000000000e+01        3.913431687625210e-01        2.269029794259394e-01        2.062735664032949e-01        1.666072098108798e-01        1.934132118022747e-01        2.911956786764763e-01        4.321415460989572e-01        9.176174231803136e-01        8.677082308450771e-01
2.042000000000000e+01        3.854409652048850e-01        2.208496340938794e-01        2.000942811991558e-01        1.596155610135616e-01        1.848585050772106e-01        2.788454037439341e-01        4.119459970307757e-01        8.802745212756876e-01        8.326292007514937e-01
2.450000000000000e+01        3.787935240364786e-01        2.135052422890809e-01        1.933234681635253e-01        1.510071569558338e-01        1.762533753342757e-01        2.652773690411149e-01        3.919097792526547e-01        8.444048987458124e-01        7.940719440335606e-01
2.940000000000000e+01        3.710942920682384e-01        2.043581375625384e-01        1.860234715567120e-01        1.432826543733149e-01        1.664485845699647e-01        2.516523828180557e-01        3.679759965796496e-01        7.972582471582484e-01        7.493028730814405e-01
3.528000000000000e+01        3.625548344901438e-01        1.935276434363997e-01        1.773117772066111e-01        1.339519860310965e-01        1.558649125440156e-01        2.346510573374447e-01        3.430911808835058e-01        7.485016362659657e-01        7.054518827559543e-01
4.232000000000000e+01        3.532205102940190e-01        1.805171830592029e-01        1.675834042471369e-01        1.234267110285544e-01        1.433583907644665e-01        2.209907271728606e-01        3.161482964052145e-01        6.988330073436848e-01        6.570414500138085e-01
5.080000000000000e+01        3.424147708324728e-01        1.679260067292772e-01        1.567655823292038e-01        1.144961111489197e-01        1.323175190234649e-01        2.050458169200769e-01        2.852680299319408e-01        6.390864907414620e-01        6.040148400481150e-01
6.096000000000000e+01        3.303756034705925e-01        1.532817721986485e-01        1.456145934084088e-01        1.045535912675341e-01        1.196940886221912e-01        1.879209589298979e-01        2.507941470408828e-01        5.734594018779562e-01        5.488041944537444e-01
7.314000000000000e+01        3.179414608442035e-01        1.401807215046864e-01        1.338055816829048e-01        9.185537151875223e-02        1.078269314393691e-01        1.693510236380258e-01        2.174755911782376e-01        5.087593704645499e-01        4.899161952260072e-01
8.778000000000000e+01        3.029403289836665e-01        1.276316036090164e-01        1.217473298981924e-01        7.912824283693651e-02        9.340427359056352e-02        1.497017064318323e-01        1.824856061591510e-01        4.417725114409632e-01        4.268603551734093e-01
1.053200000000000e+02        2.864564325271353e-01        1.181654823262572e-01        1.088657899867184e-01        6.707681243405540e-02        7.936652046492040e-02        1.303409091312097e-01        1.500596354110373e-01        3.778870713345985e-01        3.574376176598696e-01
1.264000000000000e+02        2.685624556126247e-01        1.157885380268233e-01        9.422415218919210e-02        5.462587925869371e-02        6.482349133603753e-02        1.121684550695565e-01        1.206651654246085e-01        3.051996475609260e-01        2.912168836612414e-01
1.516800000000000e+02        2.497402670904990e-01        1.106252030839299e-01        7.833664008765379e-02        4.416626709936377e-02        5.088137232641048e-02        9.732137037773103e-02        9.696880682888197e-02        2.509230313473365e-01        2.280865289990925e-01
1.820000000000000e+02        2.293372079949627e-01        1.114923261970390e-01        6.114104665951367e-02        2.901308086067562e-02        3.694233573492165e-02        8.199682519607743e-02        7.289957798472091e-02        2.120834886545029e-01        1.783875486915870e-01
2.184200000000000e+02        2.047683158635834e-01        1.031647014658698e-01        4.692610520746866e-02        1.413833645066320e-02        2.598648901702387e-02        6.180646310677210e-02        4.759687409291514e-02        1.733512336060710e-01        1.226560604457139e-01
2.621000000000000e+02        1.756099581246246e-01        8.641388752814434e-02        3.696259585802008e-02        6.102709092536895e-03        1.828170283532039e-02        3.661315846737816e-02        2.271508407104522e-02        1.139117374533142e-01        7.654142410969275e-02
3.145200000000000e+02        1.477929742942724e-01        9.092634288261030e-02        2.797415637589154e-02        1.483474166606334e-03        1.392910511363967e-02        2.094063955952857e-02        1.263734488226856e-02        6.895919294292172e-02        4.023687333136190e-02
3.774200000000000e+02        1.178122424507058e-01        8.299924574625918e-02        1.653628428879120e-02        -7.662493622858948e-03        8.148642822207411e-03        1.875441319398452e-02        3.726461707533129e-03        7.311141219765809e-03        8.464312886150023e-03
4.529000000000000e+02        8.661379426916324e-02        7.344259745963784e-02        7.060148324493890e-03        -1.424694456270579e-02        3.703140561004454e-04        2.194572160509617e-02        6.678937582950936e-03        -1.235860537121102e-02        -1.673304312136364e-02
5.434800000000000e+02        5.411097311471792e-02        4.422954225675649e-02        3.066488818912280e-04        -1.876136907839472e-02        -1.599370484337621e-03        2.384396310414481e-02        -1.666167744795301e-03        -4.349827747778463e-02        -3.439035360786136e-02
6.521800000000001e+02        1.542298042398635e-02        2.021600433543131e-02        -4.727478565669432e-03        -1.153001044875620e-02        -5.899206765625243e-03        2.449821492431493e-02        2.796095155626090e-02        -3.981191679929921e-02        -9.950781708644914e-03
7.826000000000000e+02        -6.447136292216243e-03        -6.667714668058245e-03        -1.167649747213103e-02        -1.893245591455728e-02        -6.401171135537493e-03        2.472551425944287e-02        3.056816927437981e-02        -1.912855285272421e-02        -2.910545909809842e-03
9.391200000000000e+02        -3.324056914534206e-02        2.976951987071532e-02        -5.304462320066964e-03        -1.459326977780287e-02        -4.734834070306389e-03        3.592770987036423e-03        2.019462142670050e-02        1.545173755856078e-02        -2.090835223973141e-02
1.126960000000000e+03        -8.334883497192436e-03        7.446974042745897e-03        -5.923954337986411e-03        -1.745279248101552e-02        -7.574756521450719e-04        -1.744281085935050e-03        4.732576936070850e-03        -2.075956870736208e-02        -1.587558114122627e-02
1.352340000000000e+03        3.237864732268022e-02        7.521348002690163e-03        3.719392384792984e-03        -2.000152415346061e-02        1.429100393761915e-02        -1.546787309436091e-02        -3.326406668574654e-03        -8.427383361573818e-02        4.739237791764117e-03
1.622800000000000e+03        2.200881972336060e-02        -3.307158495204065e-02        2.695198301121481e-03        2.666596728282141e-04        1.713814323840719e-02        2.128695929105157e-02        9.306121755285302e-03        4.282992272364838e-02        1.839458938492118e-02
1.947380000000000e+03        1.323494803726671e-02        -4.651415137484506e-03        1.807946675116989e-02        -1.329612131021274e-02        -3.166617624950904e-03        4.951921042796410e-02        -5.913600180601278e-02        -2.413916282047384e-02        2.372322006890792e-02
2.336840000000000e+03        1.201413436779293e-02        1.280138815460660e-02        6.733425817065243e-03        -5.140744496888229e-03        -6.159701965186951e-03        1.922118042078082e-02        -2.579208441720937e-03        -1.143490043579650e-02        1.323419384556806e-02
2.804220000000000e+03        -3.703264705037043e-02        -1.528791679733868e-02        5.309536021630607e-03        -9.992500426421747e-03        2.214462219333612e-03        2.027826200647373e-02        -2.202535281475200e-04        3.551971647257318e-02        -2.849802357757742e-02
3.365060000000000e+03        -5.137026605664002e-02        -1.046039708475281e-01        -8.232708862080131e-03        4.458543719974084e-03        -1.096183632564971e-02        2.564444787134253e-03        1.226856558682115e-02        9.595307544624342e-02        2.544596097553912e-02
4.038060000000000e+03        7.990113519748108e-04        -4.338332955360420e-02        -1.258907363872675e-02        5.713271135433700e-03        -1.364540597926105e-03        2.698092141372679e-02        2.091614776734468e-03        1.532826430389558e-02        -5.166550555748718e-03
