# Collective intermediate scattering function computed by LiquidLib
# k
1.009168593777797e+00
1.153335535746053e+00
1.297502477714310e+00
1.441669419682567e+00
1.585836361650823e+00
1.730003303619080e+00
1.874170245587337e+00
2.018337187555593e+00
2.162504129523850e+00
# t                 F(k, t)
0.000000000000000e+00        4.511375369304534e-01        2.421959106067561e-01        3.110042055945317e-01        3.365754330469781e-01        4.183684818785187e-01        6.015546980085237e-01        1.069734368325519e+00        1.768687707711825e+00        1.716415621658572e+00
2.000000000000000e-02        4.484829748370032e-01        2.387299162065581e-01        3.066361562814033e-01        3.311708894257836e-01        4.118171807595472e-01        5.937288321025316e-01        1.060563484844656e+00        1.758055825745455e+00        1.704182570760852e+00
4.000000000000000e-02        4.421996040805931e-01        2.306513079831835e-01        2.965153291818395e-01        3.185851013703985e-01        3.963687212636893e-01        5.749855820833460e-01        1.038274834788757e+00        1.732010091121620e+00        1.674103076968703e+00
6.000000000000000e-02        4.357029598405902e-01        2.225975180182452e-01        2.865124814385162e-01        3.058894774968579e-01        3.801672673771268e-01        5.544680883536460e-01        1.012964934586832e+00        1.701848033327877e+00        1.639001178257151e+00
8.000000000000000e-02        4.312169681024244e-01        2.174251076001099e-01        2.800915405171489e-01        2.971802442138675e-01        3.679513229033457e-01        5.375937763782640e-01        9.907623075124390e-01        1.674600964566278e+00        1.607029326784706e+00
1.000000000000000e-01        4.284907811008334e-01        2.145663945253546e-01        2.763830518879750e-01        2.914201578023376e-01        3.587044481110739e-01        5.235080332260886e-01        9.710790435361989e-01        1.649982355568947e+00        1.578238027396707e+00
1.200000000000000e-01        4.258494100097292e-01        2.116358451158544e-01        2.723937812321475e-01        2.851655394542578e-01        3.487053314630494e-01        5.082852711454673e-01        9.498444376388929e-01        1.623692919328439e+00        1.548092664664743e+00
1.400000000000000e-01        4.221959001882675e-01        2.072006479133225e-01        2.664876370718145e-01        2.766455951670914e-01        3.360373991999420e-01        4.897701886577536e-01        9.246034640679571e-01        1.592908271045581e+00        1.513503570022840e+00
1.800000000000000e-01        4.147496751215267e-01        1.980899145354044e-01        2.547249397433589e-01        2.600644841887114e-01        3.110203167015686e-01        4.517076025485213e-01        8.709710620170701e-01        1.526780073176224e+00        1.440626923853266e+00
2.200000000000000e-01        4.130932390054980e-01        1.963735532929589e-01        2.521958946520143e-01        2.550016003170782e-01        2.998703210852655e-01        4.287224331953398e-01        8.322519071299042e-01        1.476001206415146e+00        1.386083741006235e+00
2.600000000000000e-01        4.134060490212352e-01        1.965772635886411e-01        2.520184878926625e-01        2.538052853102805e-01        2.954705617511188e-01        4.156115086656605e-01        8.051774861645054e-01        1.438020155449351e+00        1.346441838180542e+00
3.000000000000000e-01        4.121088858386039e-01        1.947570392657509e-01        2.499444491908569e-01        2.515557465432866e-01        2.915723416677863e-01        4.049960345143560e-01        7.812144497343746e-01        1.402349466442839e+00        1.309401485132833e+00
3.600000000000000e-01        4.092521520971806e-01        1.917037465158815e-01        2.468260035437201e-01        2.488981919274657e-01        2.888066578987768e-01        3.966002371000052e-01        7.556473126925186e-01        1.358536467463343e+00        1.263614786562686e+00
4.400000000000000e-01        4.054576961010389e-01        1.872714255612780e-01        2.416842587212942e-01        2.424913958389563e-01        2.821063143136885e-01        3.875662789859295e-01        7.306462252085456e-01        1.311245384692497e+00        1.213766922984169e+00
5.400000000000000e-01        4.030199016818287e-01        1.845529093110452e-01        2.382976567361674e-01        2.371462081396476e-01        2.741073973124272e-01        3.775130843467771e-01        7.091330548520987e-01        1.267110506694327e+00        1.168011664389550e+00
6.400000000000000e-01        4.011885532107149e-01        1.825175754910698e-01        2.359053267034618e-01        2.347190078182885e-01        2.692384888789779e-01        3.690921035281005e-01        6.943068645111601e-01        1.235812220741418e+00        1.136595290906790e+00
7.600000000000000e-01        4.002105371533601e-01        1.816656848775987e-01        2.346516209351300e-01        2.337380571012051e-01        2.677127760033639e-01        3.648216114241570e-01        6.852727582177743e-01        1.213747239103781e+00        1.115563767765941e+00
9.200000000000000e-01        3.991739781546979e-01        1.806660657265316e-01        2.334810712161621e-01        2.324803532255441e-01        2.667419944258018e-01        3.643457824556252e-01        6.808823733094959e-01        1.201190676146029e+00        1.103506514422834e+00
1.100000000000000e+00        3.989649064026407e-01        1.804916393679521e-01        2.330883225303312e-01        2.323658228158872e-01        2.665054593982885e-01        3.646779726854369e-01        6.812856625257115e-01        1.198959726395862e+00        1.101647438905588e+00
1.320000000000000e+00        3.991658780315450e-01        1.807842035410717e-01        2.334652885961791e-01        2.326320196970464e-01        2.675768390290973e-01        3.668132884041166e-01        6.858808632490062e-01        1.203000330538358e+00        1.106799800386176e+00
1.580000000000000e+00        3.993671519001491e-01        1.807380119992384e-01        2.337745828052841e-01        2.331694894987195e-01        2.685351564598825e-01        3.688431356940697e-01        6.907650052788415e-01        1.210563456353366e+00        1.114721454877092e+00
1.900000000000000e+00        3.997780717429182e-01        1.811506340102854e-01        2.342464161136928e-01        2.339112122582334e-01        2.694449068732528e-01        3.706313698714924e-01        6.953535719867531e-01        1.218586320570873e+00        1.124575809945684e+00
2.280000000000000e+00        4.000467055248332e-01        1.813924854483727e-01        2.346973951985521e-01        2.347771654471589e-01        2.699293358304007e-01        3.703728391264308e-01        6.983289270477571e-01        1.226998746417231e+00        1.132137710879202e+00
2.740000000000000e+00        4.003363639858817e-01        1.815911688129841e-01        2.347056175302643e-01        2.341099229510017e-01        2.695145011427960e-01        3.709572576489594e-01        6.995803094104328e-01        1.231432785764136e+00        1.139408321706137e+00
3.300000000000000e+00        4.002864432196523e-01        1.819763302135754e-01        2.344454467727378e-01        2.339813662816004e-01        2.691266359202001e-01        3.707277420868801e-01        6.983462781383758e-01        1.232420584360341e+00        1.141631225427490e+00
3.960000000000000e+00        3.995606706846604e-01        1.815216748753729e-01        2.334620969505286e-01        2.323253967871561e-01        2.675734546955936e-01        3.676622187215684e-01        6.947250287009985e-01        1.228080765473502e+00        1.135000144563169e+00
4.740000000000000e+00        3.984209281276058e-01        1.800646113347412e-01        2.319494424943959e-01        2.308862106827467e-01        2.655493889305539e-01        3.643476387832211e-01        6.868428493628456e-01        1.214516594352939e+00        1.120657944973100e+00
5.700000000000000e+00        3.969420211284072e-01        1.779463315574832e-01        2.302589739753074e-01        2.284748253151404e-01        2.625054967260672e-01        3.610844792310102e-01        6.799682150940896e-01        1.198325163836782e+00        1.105114114369175e+00
6.840000000000000e+00        3.962541459151216e-01        1.774718176505153e-01        2.290075422301467e-01        2.271472935217800e-01        2.608221880940045e-01        3.560314794877076e-01        6.747983330260938e-01        1.187820536211776e+00        1.099555451477842e+00
8.199999999999999e+00        3.962347286871860e-01        1.774079346192094e-01        2.284584105594985e-01        2.269186738097481e-01        2.605209164510455e-01        3.561846894603340e-01        6.761405665380438e-01        1.195593299741175e+00        1.103077255278953e+00
9.840000000000000e+00        3.939889650669613e-01        1.751082636804858e-01        2.259337230696858e-01        2.239819288995846e-01        2.566300728205250e-01        3.501761796402710e-01        6.642290644498361e-01        1.170422606188397e+00        1.082012252959580e+00
1.182000000000000e+01        3.934886007405194e-01        1.754055075597602e-01        2.250767974168225e-01        2.230552833608118e-01        2.558832899420762e-01        3.495207644406056e-01        6.628757225699525e-01        1.170725088686854e+00        1.081901610839229e+00
1.418000000000000e+01        3.913625162129530e-01        1.731079406767979e-01        2.226899814923102e-01        2.203690061642215e-01        2.525728593151293e-01        3.435154182624889e-01        6.527783437446060e-01        1.150470830930161e+00        1.062950347178568e+00
1.702000000000000e+01        3.899410838772130e-01        1.719726868104494e-01        2.210427550285307e-01        2.187368023860897e-01        2.502427958147628e-01        3.383181978212543e-01        6.462981251791755e-01        1.139402541962661e+00        1.053182848994677e+00
2.042000000000000e+01        3.880141941000826e-01        1.701882458171474e-01        2.185653554023083e-01        2.161111399196300e-01        2.470573664234123e-01        3.339189204448588e-01        6.369908972536332e-01        1.121975774296350e+00        1.040271865479892e+00
2.450000000000000e+01        3.859436286409766e-01        1.680099603872417e-01        2.160976103578136e-01        2.126084407104036e-01        2.438507827898230e-01        3.283154632233459e-01        6.260107282725862e-01        1.104356817129451e+00        1.024383521575515e+00
2.940000000000000e+01        3.835139378979666e-01        1.657183643416404e-01        2.129876938155413e-01        2.098952797875900e-01        2.395387276023452e-01        3.211971171339986e-01        6.156837492908104e-01        1.089525062789973e+00        1.007716255644970e+00
3.528000000000000e+01        3.810976849812649e-01        1.635669483852724e-01        2.097583643369618e-01        2.060249421055095e-01        2.353776228536436e-01        3.146509986677516e-01        6.020716708412256e-01        1.066331471662900e+00        9.895369992801291e-01
4.232000000000000e+01        3.782946003850703e-01        1.606219394655147e-01        2.061912505843081e-01        2.017246960545535e-01        2.313873396918212e-01        3.045841713186420e-01        5.906425119466147e-01        1.044994683223386e+00        9.702970040678832e-01
5.080000000000000e+01        3.747824435782284e-01        1.585507629504261e-01        2.018633978083031e-01        1.962234025458477e-01        2.257307815575539e-01        2.952176240561278e-01        5.760975279046946e-01        1.021107962851173e+00        9.449237389727725e-01
6.096000000000000e+01        3.707143003424963e-01        1.541049683015167e-01        1.967011263074821e-01        1.908089870665081e-01        2.194811802743721e-01        2.840648388223548e-01        5.583976551483490e-01        9.978062172545787e-01        9.185126080980709e-01
7.314000000000000e+01        3.674146616872027e-01        1.510156673072601e-01        1.912228263517669e-01        1.845996561127554e-01        2.122417182562357e-01        2.753261735219287e-01        5.423427721250108e-01        9.688142256681604e-01        8.949546766825964e-01
8.778000000000000e+01        3.634091851804248e-01        1.467711679126039e-01        1.852999218143462e-01        1.775057538331070e-01        2.035265454574776e-01        2.640601401618633e-01        5.248004732325708e-01        9.318871322011902e-01        8.666947232754897e-01
1.053200000000000e+02        3.593403728217542e-01        1.433804800191324e-01        1.791745170345410e-01        1.695676789258649e-01        1.935848421925040e-01        2.528240587542931e-01        5.026550283089346e-01        8.893467164921176e-01        8.356711747713151e-01
1.264000000000000e+02        3.539318376950621e-01        1.392247437873222e-01        1.722102091159993e-01        1.616840500948492e-01        1.840266188124290e-01        2.375711200090523e-01        4.783386879043159e-01        8.405728131171248e-01        7.990689290727521e-01
1.516800000000000e+02        3.479220607436589e-01        1.332072729323042e-01        1.640807354483143e-01        1.546036334813862e-01        1.730871013904656e-01        2.233765859818111e-01        4.565833214459097e-01        7.888497158610822e-01        7.622220899205842e-01
1.820000000000000e+02        3.418435117801938e-01        1.265603438501558e-01        1.565858381345950e-01        1.480056750650046e-01        1.612957265190300e-01        2.083204103607813e-01        4.273032696772422e-01        7.231856349586950e-01        7.203206096837790e-01
2.184200000000000e+02        3.351052838105631e-01        1.210745885073384e-01        1.480818641337699e-01        1.398673917708456e-01        1.496321537923879e-01        1.953718558761998e-01        4.012975526811937e-01        6.653074868741372e-01        6.776582127675790e-01
2.621000000000000e+02        3.266730616992798e-01        1.122892823843689e-01        1.377847309574676e-01        1.278347876182772e-01        1.365069835749619e-01        1.745263577059712e-01        3.622362662276946e-01        5.888225357191009e-01        6.292770143665012e-01
3.145200000000000e+02        3.155149861257331e-01        9.930686701262771e-02        1.253619763761634e-01        1.117859814312717e-01        1.219749792302226e-01        1.534861449767985e-01        3.352115641224199e-01        5.109313596494409e-01        5.808427673114155e-01
3.774200000000000e+02        3.036953165160167e-01        8.703163553188267e-02        1.118914226905631e-01        9.554370037005624e-02        1.044376511014464e-01        1.281846853921960e-01        2.989119064931584e-01        4.308890204576614e-01        5.220830806412684e-01
4.529000000000000e+02        2.917902740920498e-01        6.898030544733971e-02        9.874134400869362e-02        8.188753536194640e-02        8.754857241065757e-02        1.094272166882316e-01        2.684729165820833e-01        3.415938517775255e-01        4.479936113568400e-01
5.434800000000000e+02        2.741535669492859e-01        5.843880682121758e-02        8.468662211335932e-02        7.025792069289970e-02        7.371042753872546e-02        8.510836047336297e-02        2.465841915980693e-01        2.601070997153636e-01        3.734117068706418e-01
6.521800000000001e+02        2.579365882631050e-01        5.256151442016823e-02        7.448510960070796e-02        6.468146002625148e-02        6.495188228269654e-02        6.288545164847997e-02        2.030587255834906e-01        2.134792335803106e-01        3.058612797617793e-01
7.826000000000000e+02        2.379013095384759e-01        4.893199726037022e-02        6.305296323022208e-02        6.865758809236852e-02        5.528200939040835e-02        3.089275382984777e-02        1.465876831826898e-01        2.108242765364673e-01        2.236495671098078e-01
9.391200000000000e+02        2.195753138365186e-01        2.434760848724984e-02        5.259385862056904e-02        6.632639751491015e-02        3.866301294171728e-02        1.535094269881985e-02        9.199613854512895e-02        1.753479814661046e-01        1.681503444700849e-01
1.126960000000000e+03        1.912041626601366e-01        -1.435767998014571e-02        4.721977418366850e-02        4.414136162218069e-02        2.585491049797764e-02        6.897258580030339e-03        5.892666351866802e-02        1.312659082865615e-01        1.076189894310006e-01
1.352340000000000e+03        1.596439438173160e-01        1.316169268871357e-02        4.279032500524511e-02        1.362964786317433e-02        2.705906127475944e-02        8.541904111273393e-03        1.708339720871827e-02        -4.931499678296893e-03        6.483312193855835e-02
1.622800000000000e+03        1.404536804685655e-01        4.940849656096515e-02        3.070494304376597e-02        -6.812224407676003e-03        3.683190971938443e-02        -2.949875831547835e-02        5.647248163086070e-03        -1.206366834182599e-01        4.355553293171707e-02
1.947380000000000e+03        1.303484605573433e-01        8.077028127874808e-02        1.083457526000008e-02        -1.707429111993598e-02        3.670271652060462e-02        -4.085473981157222e-02        1.752904944939344e-02        -1.266534417647868e-01        2.853277021750325e-03
2.336840000000000e+03        7.401935009522106e-02        1.354717795636888e-01        -2.059236948360165e-03        -1.813981226800828e-03        2.113329915286904e-02        -1.522729861723129e-02        -2.225040167071861e-02        -1.127527078099535e-01        -1.555267173365569e-03
2.804220000000000e+03        -7.336982110661062e-03        1.223045198700682e-01        -4.717615186965756e-04        1.691460812203625e-03        3.075783073650768e-03        2.161298487051635e-02        -5.017175428775093e-02        -4.088265651381764e-02        -2.547680173809903e-03
3.365060000000000e+03        -5.644704938835381e-03        1.088577814596907e-01        -1.060568911235170e-02        2.121011002382758e-02        1.092864427665644e-02        3.295044972996911e-02        -4.557164756170563e-03        -1.273945346914668e-01        -2.641877918115859e-02
4.038060000000000e+03        4.942693942298680e-02        7.118449254679224e-02        4.100964779045873e-04        5.144185748579859e-02        -9.044365277979603e-03        1.847242055053331e-02        1.188626156994255e-02        -1.012457563713354e-01        -8.377343347113944e-02
