# Collective intermediate scattering function computed by LiquidLib
# k
9.820080640235800e-01
1.122294930312663e+00
1.262581796601746e+00
1.402868662890828e+00
1.543155529179911e+00
1.683442395468994e+00
1.823729261758077e+00
1.964016128047160e+00
2.104302994336243e+00
# t                 F(k, t)
0.000000000000000e+00        5.227888250681725e-01        4.760073759962358e-01        3.865791494179485e-01        3.892747316164371e-01        4.484138967644469e-01        6.076374722574921e-01        9.247532902514725e-01        1.460090869332565e+00        1.619942547965242e+00
2.000000000000000e-02        5.190258998140918e-01        4.711425743313813e-01        3.803889628196593e-01        3.816201355872565e-01        4.391446559367902e-01        5.965708481582670e-01        9.117553089609495e-01        1.444981151554183e+00        1.602624927884647e+00
4.000000000000000e-02        5.099654942348333e-01        4.596294991851658e-01        3.658463386938090e-01        3.636126027952468e-01        4.171440856381216e-01        5.699902685695809e-01        8.801340462951767e-01        1.407916491926021e+00        1.560001027974816e+00
6.000000000000000e-02        5.001067920962424e-01        4.475591543457598e-01        3.507522010212430e-01        3.446890437508657e-01        3.933402534656480e-01        5.402451409082132e-01        8.435769254423912e-01        1.364181551020113e+00        1.509371961282804e+00
8.000000000000000e-02        4.924523420598788e-01        4.387298912841819e-01        3.397296011022337e-01        3.302535330752159e-01        3.739202053239453e-01        5.143215328033330e-01        8.099361894470021e-01        1.322729142154166e+00        1.461122246775131e+00
1.000000000000000e-01        4.869971002699226e-01        4.327899138834987e-01        3.321321629817237e-01        3.194916019717050e-01        3.581170146277511e-01        4.916258326805099e-01        7.789753904202802e-01        1.283752097420410e+00        1.415950369412123e+00
1.200000000000000e-01        4.820280813165261e-01        4.272880867398596e-01        3.249367363305286e-01        3.090491673010397e-01        3.424640153915701e-01        4.686772102042570e-01        7.472726973839546e-01        1.243800840241210e+00        1.370268044260895e+00
1.400000000000000e-01        4.763351706353213e-01        4.207021257906255e-01        3.164865683617772e-01        2.973080597250020e-01        3.254270219465860e-01        4.440094123024171e-01        7.133071381980176e-01        1.201198569209448e+00        1.322143736882872e+00
1.800000000000000e-01        4.648999725339852e-01        4.075569016444495e-01        3.002453230051181e-01        2.754904986711527e-01        2.937444580800105e-01        3.968222272901684e-01        6.460143445574631e-01        1.115520168428636e+00        1.226211603440115e+00
2.200000000000000e-01        4.585489668937490e-01        4.007809645716931e-01        2.917637228119888e-01        2.632722086183961e-01        2.738313807748708e-01        3.627453597428975e-01        5.914449013311210e-01        1.042352520504194e+00        1.144985777091342e+00
2.600000000000000e-01        4.542142121064945e-01        3.961215316229291e-01        2.858277130934245e-01        2.551287824696294e-01        2.607611354680794e-01        3.384441638371744e-01        5.483259152242056e-01        9.813408317167938e-01        1.077656809839025e+00
3.000000000000000e-01        4.486983589675446e-01        3.901552273265713e-01        2.788841204958679e-01        2.471093135650092e-01        2.500137117121936e-01        3.193244790381297e-01        5.121216946968646e-01        9.275292408626463e-01        1.017891121561415e+00
3.600000000000000e-01        4.402150268717208e-01        3.813110149848276e-01        2.687335155562816e-01        2.358407100810371e-01        2.366759781394979e-01        2.975704688539610e-01        4.685717715967990e-01        8.580727632091191e-01        9.399118490260734e-01
4.400000000000000e-01        4.292933929758342e-01        3.696317115640676e-01        2.554739457752039e-01        2.203950129229824e-01        2.191777004948059e-01        2.732539361043312e-01        4.227312890692736e-01        7.806243488735851e-01        8.523018015854519e-01
5.400000000000000e-01        4.185111576535498e-01        3.582390740235838e-01        2.425434935753565e-01        2.051933719239319e-01        1.998534855644919e-01        2.479066131558193e-01        3.785535246021049e-01        7.025404285876141e-01        7.637899037985991e-01
6.400000000000000e-01        4.092197682687396e-01        3.481298001899574e-01        2.318009597278231e-01        1.933742158183735e-01        1.846162183252028e-01        2.269430803289430e-01        3.438239570863646e-01        6.397201677511932e-01        6.935178453387779e-01
7.600000000000000e-01        3.998455606017976e-01        3.374914137003409e-01        2.211180389687099e-01        1.820035987820248e-01        1.708216006785160e-01        2.075471192105947e-01        3.117929300550615e-01        5.800779241938332e-01        6.276385005230054e-01
9.200000000000000e-01        3.888372992901373e-01        3.255605712884667e-01        2.087891409802440e-01        1.694886933799490e-01        1.565742392444603e-01        1.877288289128850e-01        2.797813112732984e-01        5.193312059830145e-01        5.600443321120225e-01
1.100000000000000e+00        3.780097566775437e-01        3.139837446463354e-01        1.972510533244789e-01        1.578027225932284e-01        1.431556398353822e-01        1.689185486504091e-01        2.504744310323995e-01        4.672900572389218e-01        5.005958284672157e-01
1.320000000000000e+00        3.664412972884341e-01        3.011193935791037e-01        1.854067066205687e-01        1.457696965380775e-01        1.304371217140077e-01        1.521647110496280e-01        2.223512892544319e-01        4.166011374965422e-01        4.422311625302739e-01
1.580000000000000e+00        3.543249384404813e-01        2.888231361068205e-01        1.734396275639243e-01        1.327427205026537e-01        1.170221641222930e-01        1.349167921416499e-01        1.966573503736219e-01        3.681315026525881e-01        3.875329642582587e-01
1.900000000000000e+00        3.407458203627479e-01        2.740918321431952e-01        1.606535292336876e-01        1.202753230625574e-01        1.041787560449118e-01        1.183993150370493e-01        1.699129967967682e-01        3.202128684305234e-01        3.349045010975034e-01
2.280000000000000e+00        3.257477186695439e-01        2.576970324260653e-01        1.468135627961430e-01        1.074353019190105e-01        9.121032970318191e-02        9.901186653582889e-02        1.447387942455098e-01        2.733583893164382e-01        2.862784613983800e-01
2.740000000000000e+00        3.087879716846058e-01        2.376129909985977e-01        1.327993204800391e-01        9.397470645048635e-02        7.888212859083056e-02        8.288841631038714e-02        1.196745512993110e-01        2.260874343027442e-01        2.400156111731940e-01
3.300000000000000e+00        2.903148192801575e-01        2.168611758845806e-01        1.173608860421774e-01        8.125254845740279e-02        6.686822292409449e-02        6.813304840273729e-02        9.921617585402311e-02        1.860110641778836e-01        1.946362568535323e-01
3.960000000000000e+00        2.708740377064338e-01        1.966469412884020e-01        1.022684273443543e-01        6.958420661326949e-02        5.552772664291859e-02        5.365236005544016e-02        7.891875432310395e-02        1.484043424831552e-01        1.530816635102028e-01
4.740000000000000e+00        2.500947940610529e-01        1.757456346170905e-01        8.727129448643264e-02        5.758826839308211e-02        4.410642491551799e-02        4.116980867626399e-02        5.971272270050974e-02        1.130943406893067e-01        1.166319248733483e-01
5.700000000000000e+00        2.271295955946575e-01        1.504685708389689e-01        7.217456603385543e-02        4.565738220987071e-02        3.314029497100642e-02        3.049166581429100e-02        4.368887728453132e-02        8.342615663871424e-02        8.245681252567430e-02
6.840000000000000e+00        2.032113300046050e-01        1.271719112904803e-01        5.822881024034671e-02        3.598199742310771e-02        2.548950545424414e-02        2.432242758579371e-02        3.027712608856049e-02        6.037135308658713e-02        6.004279757607865e-02
8.199999999999999e+00        1.788289994726759e-01        1.046742838329375e-01        4.485731132727706e-02        2.448934397400501e-02        1.802596875411096e-02        1.652378234804907e-02        2.009015989702186e-02        3.922292993381567e-02        3.815336118868468e-02
9.840000000000000e+00        1.530131145329630e-01        8.244470012214049e-02        3.341593287326440e-02        1.662375627079503e-02        1.307844961357946e-02        1.080375023619893e-02        1.021489939914511e-02        2.035501064472239e-02        2.345625369042363e-02
1.182000000000000e+01        1.275203725495198e-01        5.790275883782946e-02        2.253183381244926e-02        9.418578517090761e-03        6.473708087349549e-03        9.547632969936529e-03        5.435890935478110e-03        2.399022686307959e-02        1.015323147149025e-02
1.418000000000000e+01        1.025971216366168e-01        4.446296642138922e-02        1.393086397760258e-02        7.135357002677488e-03        4.137165673455808e-03        5.164421289306264e-03        2.096764717159936e-03        1.003384318468876e-02        3.032208210170378e-03
1.702000000000000e+01        7.793287927477847e-02        3.605530921055692e-02        6.887916309382866e-03        1.144246262378775e-03        1.729237978385925e-04        2.795322947904017e-03        3.273438854169298e-03        -2.747065084103955e-03        3.180751826661865e-03
2.042000000000000e+01        5.958449186507361e-02        3.374245884397028e-02        2.499508328376200e-03        2.387485241304855e-03        1.471271195294557e-03        -8.074470564434345e-04        4.936326546022135e-03        -5.071707163352852e-04        -8.551303428715805e-04
2.450000000000000e+01        4.365737515080247e-02        1.397480920685280e-02        8.672600343135132e-04        -1.021145375433512e-03        -4.723447043304319e-04        1.583795245267815e-03        4.004965463229850e-03        7.366344049373727e-03        -1.160093127520229e-03
2.940000000000000e+01        2.960709663304235e-02        2.480396954967891e-03        9.079752996642844e-04        -8.179969198504368e-04        1.496161249018571e-03        1.228345290915629e-03        6.703409041443823e-04        2.977076760502756e-03        3.751009352882508e-03
3.528000000000000e+01        2.216602237109244e-02        1.076351518868402e-02        -1.075324629293881e-03        -1.218451411433599e-04        9.169142546530553e-04        -1.825792835199457e-03        2.167081110275578e-03        -7.619694254445213e-03        4.035458113702344e-03
4.232000000000000e+01        1.346242185783906e-02        1.285344867923237e-02        -2.738678147321203e-04        -8.786593088982059e-04        -1.708118822642977e-03        2.591000412834703e-03        -2.311721704071833e-03        4.560383775213415e-03        -4.036099337182943e-03
5.080000000000000e+01        1.317414592007722e-02        1.410089013128557e-02        6.018939797929010e-04        -3.462221384516506e-03        -2.355805412578496e-03        3.014933996475798e-03        2.145213633817887e-04        6.925770471084400e-03        -1.783470059151178e-04
6.096000000000000e+01        1.800025647361965e-03        1.341997806052675e-02        1.457804345094198e-03        -2.014323989412017e-03        -4.632904247545919e-04        -2.909923141110654e-03        1.575902312422732e-03        6.862724527543818e-04        -5.898252054401105e-04
7.314000000000000e+01        -2.060329873375709e-03        -5.668542557411534e-03        -1.733284335704081e-04        -6.864615813878194e-04        -2.306829893038432e-03        -1.232955069440385e-03        1.707685723665407e-03        -5.653343264438184e-03        2.133260143812319e-03
8.778000000000000e+01        1.213463904576930e-03        1.636905053197509e-03        6.156451119377729e-04        -2.637539522009208e-04        -7.534359164406973e-05        3.776434115515606e-03        -3.585274865459535e-04        2.429897514007868e-04        -5.341610404633724e-04
1.053200000000000e+02        7.539244808913335e-04        8.213123267726004e-03        1.828248350959163e-04        1.784827516529108e-03        -1.170021856098491e-03        -3.207848528481272e-03        -3.339411803647683e-03        -3.681375089548393e-03        -2.484868484394734e-03
1.264000000000000e+02        2.567285257561091e-03        -2.372070857651237e-03        -1.553238924433500e-03        1.427296042701239e-03        1.630213845277076e-03        1.495779510196174e-03        -6.939721102969880e-05        3.507173006876511e-03        -1.652249465119309e-03
1.516800000000000e+02        -2.974133195334361e-03        1.812196559101395e-03        1.616362215935664e-03        4.955804904943845e-04        4.624982648771903e-04        -2.235778146656138e-04        -1.153656424485590e-03        -1.302292479319545e-03        1.202270751186803e-04
1.820000000000000e+02        -2.756757618451609e-03        -6.695242919955126e-03        -1.491869619490980e-04        -2.592564163933061e-03        6.195598675488081e-04        -3.762715914846417e-04        -2.881602956314548e-03        -6.111775792982835e-03        -4.212602981069773e-03
2.184200000000000e+02        6.789689072795089e-04        -2.573017606514838e-02        -2.637439561626099e-03        -3.845697699603376e-03        -1.724779075894782e-03        -6.048246340006954e-04        1.518397982111906e-04        -5.644490335750921e-04        -3.695319347425418e-03
2.621000000000000e+02        2.872485234109215e-03        -5.623025720414432e-03        -4.137256064904422e-05        8.901341631582147e-04        3.150502674715119e-04        -1.249802554302688e-03        -5.035698595551140e-03        -5.434979312732361e-04        8.027272465916873e-03
3.145200000000000e+02        4.912782322176951e-04        2.951516681946086e-02        3.564909740328776e-03        1.402667183500172e-04        7.886690934488565e-04        2.398683898290827e-03        -1.418903020800803e-03        -1.112271033873770e-02        -3.981517678797799e-03
3.774200000000000e+02        -2.734629373802318e-04        -5.781641190338364e-03        -1.917047308980796e-03        -8.420701787448939e-04        -3.345475163899477e-03        4.784816000693962e-03        9.181088949341037e-04        -5.891198875555885e-04        -1.341235891816007e-03
4.529000000000000e+02        3.493245645606643e-03        -1.611429658607594e-02        1.040955038081754e-03        3.740375629262406e-03        -1.262557901848323e-03        3.451959188024793e-05        -1.136006887234197e-03        4.050402423867568e-03        -6.720013060524149e-04
5.434800000000000e+02        4.955608754243558e-03        1.368670232024121e-03        -6.697221352430549e-04        2.402115866058111e-03        3.633741568980934e-04        -2.041327628926067e-03        -4.938490355876290e-03        -2.856610475914453e-03        -5.734375414201093e-05
6.521800000000001e+02        -2.397232595764905e-03        1.331699803868520e-02        3.597323153883435e-04        -1.888532103980780e-03        7.334641380684681e-04        1.740044308832293e-03        -4.039133990895880e-03        -2.598373789878228e-03        -9.830390446320576e-04
7.826000000000000e+02        5.523190846180292e-03        -1.402366083200438e-02        -1.404696212678362e-03        -9.380056675400812e-04        3.114530948654853e-04        -1.952200390840744e-03        -4.720834193574771e-03        -1.319750287150583e-03        3.163232045342454e-03
9.391200000000000e+02        1.229713581343715e-02        -6.730749126278078e-03        -9.879035610643205e-04        -1.721698005522028e-03        1.864446777958900e-03        5.294439311664057e-03        -1.535793828706109e-03        -3.503646877815586e-03        -1.073381832280477e-03
1.126960000000000e+03        -6.774941850012740e-04        -4.174822484795151e-03        -1.129966222829796e-03        3.901374590673137e-03        6.283480148733866e-04        4.375195302062038e-03        -3.464002427301321e-03        -4.353265526143161e-03        -2.410928875849983e-03
1.352340000000000e+03        8.900109669934153e-03        -2.022346305962011e-03        5.122973409607999e-04        2.886650959357564e-03        -1.180399370180139e-03        3.759639196490381e-04        -1.978291862151569e-03        2.029368401861990e-03        7.198996828211180e-04
1.622800000000000e+03        -7.549664370354505e-03        3.376369982776673e-04        -3.416704812114112e-03        1.191389744104528e-03        -6.576701906269717e-04        1.135327126842573e-03        2.578354012117139e-03        -4.010274686721760e-03        2.271692703692695e-03
1.947380000000000e+03        4.799498497614560e-03        -2.822907535809108e-03        -6.686992144278528e-04        -2.185372607730366e-03        -1.430807774359597e-03        1.689884100643627e-03        -1.871085554378291e-03        4.292443751927737e-03        -3.725177420834688e-03
2.336840000000000e+03        -1.297691528856993e-02        -7.896416104295341e-04        1.023259816249292e-03        -6.425250189003515e-04        7.666092949305435e-04        -3.224723413811587e-04        -4.014334030001770e-03        7.704272141328268e-03        -7.869074789546814e-04
2.804220000000000e+03        1.871661628419898e-03        -2.884365672535696e-03        1.095195478896976e-03        -2.187271226857386e-03        1.714550054462461e-03        1.623452902154605e-03        2.197968513064194e-03        5.984893601429558e-03        -3.073492057341042e-03
3.365060000000000e+03        1.105368436432898e-02        -5.850196493529996e-03        -1.401727308852508e-03        -2.668876893729247e-03        9.318046196124413e-04        2.185072443682858e-03        -2.456587274846803e-03        4.890285731712662e-04        3.545488576694445e-03
4.038060000000000e+03        -8.867721960730237e-04        2.344857990963552e-02        2.420784920174994e-03        4.626639342231025e-03        1.767250068071460e-04        -7.318732084463994e-03        2.586238782008950e-03        -6.249658804060700e-03        7.184743818674694e-04
