# Mean squared displacement computed by LiquidLib
# t                 <r2(t)>
0.000000000000000e+00        0.000000000000000e+00
2.000000000000000e-02        9.571283465108656e-03
4.000000000000000e-02        3.491866832019958e-02
6.000000000000000e-02        6.909329673360799e-02
8.000000000000000e-02        1.068321219049025e-01
1.000000000000000e-01        1.466113801606281e-01
1.200000000000000e-01        1.890185158094470e-01
1.400000000000000e-01        2.338146506994675e-01
1.800000000000000e-01        3.198598443502906e-01
2.200000000000000e-01        3.852351376958570e-01
2.600000000000000e-01        4.328570544776795e-01
3.000000000000000e-01        4.720510871517581e-01
3.600000000000000e-01        5.191047204884692e-01
4.400000000000000e-01        5.686377491697103e-01
5.400000000000000e-01        6.150276194433020e-01
6.400000000000000e-01        6.562663710536262e-01
7.600000000000000e-01        6.912325483597190e-01
9.200000000000000e-01        7.200885358987474e-01
1.100000000000000e+00        7.352570806504615e-01
1.320000000000000e+00        7.452851141179159e-01
1.580000000000000e+00        7.511592497201320e-01
1.900000000000000e+00        7.576288191470922e-01
2.280000000000000e+00        7.656071459794125e-01
2.740000000000000e+00        7.763157258121643e-01
3.300000000000000e+00        7.921788056779635e-01
3.960000000000000e+00        8.181190987595409e-01
4.740000000000000e+00        8.573637295167946e-01
5.700000000000000e+00        9.069737560534539e-01
6.840000000000000e+00        9.572414651315501e-01
8.199999999999999e+00        9.985179231082171e-01
9.840000000000000e+00        1.062648656852646e+00
1.182000000000000e+01        1.134164272558454e+00
1.418000000000000e+01        1.216499395200806e+00
1.702000000000000e+01        1.309706482709492e+00
2.042000000000000e+01        1.422311553694006e+00
2.450000000000000e+01        1.554937699364824e+00
2.940000000000000e+01        1.711189982850557e+00
3.528000000000000e+01        1.896451774061019e+00
4.232000000000000e+01        2.109791790515716e+00
5.080000000000000e+01        2.364105127579486e+00
6.096000000000000e+01        2.666894341501526e+00
7.314000000000000e+01        3.029944608308629e+00
8.778000000000000e+01        3.460889495406457e+00
1.053200000000000e+02        3.973181549190756e+00
1.264000000000000e+02        4.587727082745915e+00
1.516800000000000e+02        5.312582046909245e+00
1.820000000000000e+02        6.173805925690225e+00
2.184200000000000e+02        7.202155741951537e+00
2.621000000000000e+02        8.411259256972260e+00
3.145200000000000e+02        9.866296879382306e+00
3.774200000000000e+02        1.161188735532890e+01
4.529000000000000e+02        1.371444542656464e+01
5.434800000000000e+02        1.631516932049321e+01
6.521800000000001e+02        1.942135453308440e+01
7.826000000000000e+02        2.317996088532127e+01
9.391200000000000e+02        2.773657877002111e+01
1.126960000000000e+03        3.332420785421559e+01
1.352340000000000e+03        4.007664618564327e+01
1.622800000000000e+03        4.771162142750820e+01
1.947380000000000e+03        5.687033330593486e+01
2.336840000000000e+03        6.946783496134833e+01
2.804220000000000e+03        8.515265823483293e+01
3.365060000000000e+03        1.041077525984101e+02
4.038060000000000e+03        1.289182260729349e+02
