# Mean squared displacement computed by LiquidLib
# t                 <r2(t)>
0.000000000000000e+00        0.000000000000000e+00
2.000000000000000e-02        1.329550807494455e-02
4.000000000000000e-02        4.877054157488780e-02
6.000000000000000e-02        9.762079915875678e-02
8.000000000000000e-02        1.534493090339342e-01
1.000000000000000e-01        2.141519845914506e-01
1.200000000000000e-01        2.794641672041763e-01
1.400000000000000e-01        3.480309654011077e-01
1.800000000000000e-01        4.828451188210841e-01
2.200000000000000e-01        6.005745488696298e-01
2.600000000000000e-01        7.014710873895806e-01
3.000000000000000e-01        7.920440603962227e-01
3.600000000000000e-01        9.157251533877784e-01
4.400000000000000e-01        1.063585510410958e+00
5.400000000000000e-01        1.227888893302608e+00
6.400000000000000e-01        1.382556511764531e+00
7.600000000000000e-01        1.552163557157504e+00
9.200000000000000e-01        1.755313444194633e+00
1.100000000000000e+00        1.959336632680869e+00
1.320000000000000e+00        2.188794680988142e+00
1.580000000000000e+00        2.442171462383087e+00
1.900000000000000e+00        2.738053384437186e+00
2.280000000000000e+00        3.077963427181102e+00
2.740000000000000e+00        3.477807776228269e+00
3.300000000000000e+00        3.953611204697975e+00
3.960000000000000e+00        4.505487883735534e+00
4.740000000000000e+00        5.153069440856321e+00
5.700000000000000e+00        5.944318610381642e+00
6.840000000000000e+00        6.878548962318220e+00
8.199999999999999e+00        7.984013321342286e+00
9.840000000000000e+00        9.310941110606791e+00
1.182000000000000e+01        1.090104623879610e+01
1.418000000000000e+01        1.278550240278447e+01
1.702000000000000e+01        1.505580197164491e+01
2.042000000000000e+01        1.776528218864600e+01
2.450000000000000e+01        2.101919429996968e+01
2.940000000000000e+01        2.493480197192849e+01
3.528000000000000e+01        2.965126841776929e+01
4.232000000000000e+01        3.530901091862921e+01
5.080000000000000e+01        4.212499933895090e+01
6.096000000000000e+01        5.036960742670401e+01
7.314000000000000e+01        6.023782132535074e+01
8.778000000000000e+01        7.204653188104729e+01
1.053200000000000e+02        8.600032924383481e+01
1.264000000000000e+02        1.028579199663370e+02
1.516800000000000e+02        1.231656977811370e+02
1.820000000000000e+02        1.472391678843692e+02
2.184200000000000e+02        1.760085780854024e+02
2.621000000000000e+02        2.104054071343546e+02
3.145200000000000e+02        2.520266392637851e+02
3.774200000000000e+02        3.027253486269044e+02
4.529000000000000e+02        3.635434642908995e+02
5.434800000000000e+02        4.370477636736962e+02
6.521800000000001e+02        5.247379699830287e+02
7.826000000000000e+02        6.304898679956826e+02
9.391200000000000e+02        7.572706990268759e+02
1.126960000000000e+03        9.080299967851956e+02
1.352340000000000e+03        1.086924677320863e+03
1.622800000000000e+03        1.303318905949408e+03
1.947380000000000e+03        1.569494446989343e+03
2.336840000000000e+03        1.911930776295143e+03
2.804220000000000e+03        2.325082525834950e+03
3.365060000000000e+03        2.763731939254531e+03
4.038060000000000e+03        3.258379004595824e+03
