# Mean squared displacement computed by LiquidLib
# t                 <r2(t)>
0.000000000000000e+00        0.000000000000000e+00
2.000000000000000e-02        1.619643375058346e-02
4.000000000000000e-02        5.701660515702952e-02
6.000000000000000e-02        1.064125737710225e-01
8.000000000000000e-02        1.529897201923678e-01
1.000000000000000e-01        1.958702059119382e-01
1.200000000000000e-01        2.406866424337181e-01
1.400000000000000e-01        2.911237790011100e-01
1.800000000000000e-01        3.923729088772345e-01
2.200000000000000e-01        4.590489209701578e-01
2.600000000000000e-01        5.012657224195518e-01
3.000000000000000e-01        5.390805856719914e-01
3.600000000000000e-01        5.861207894729790e-01
4.400000000000000e-01        6.423727639872546e-01
5.400000000000000e-01        6.956311612726139e-01
6.400000000000000e-01        7.340889216417744e-01
7.600000000000000e-01        7.575338129800070e-01
9.200000000000000e-01        7.714305547422197e-01
1.100000000000000e+00        7.737418145643576e-01
1.320000000000000e+00        7.676087137317569e-01
1.580000000000000e+00        7.584365787536401e-01
1.900000000000000e+00        7.498214262697954e-01
2.280000000000000e+00        7.430927117730700e-01
2.740000000000000e+00        7.399992345367685e-01
3.300000000000000e+00        7.426064820986512e-01
3.960000000000000e+00        7.543452101953715e-01
4.740000000000000e+00        7.746472253327921e-01
5.700000000000000e+00        7.973468545280940e-01
6.840000000000000e+00        8.127485150981367e-01
8.199999999999999e+00        8.143903774296707e-01
9.840000000000000e+00        8.487683679576984e-01
1.182000000000000e+01        8.599600089367578e-01
1.418000000000000e+01        8.924152012931252e-01
1.702000000000000e+01        9.193167263630385e-01
2.042000000000000e+01        9.528840159932359e-01
2.450000000000000e+01        9.917155291251645e-01
2.940000000000000e+01        1.035775966951153e+00
3.528000000000000e+01        1.087171563386205e+00
4.232000000000000e+01        1.146916848311768e+00
5.080000000000000e+01        1.216806287089071e+00
6.096000000000000e+01        1.299627318984334e+00
7.314000000000000e+01        1.391868258040462e+00
8.778000000000000e+01        1.498983011235562e+00
1.053200000000000e+02        1.626107715114407e+00
1.264000000000000e+02        1.770285009211377e+00
1.516800000000000e+02        1.938607711491772e+00
1.820000000000000e+02        2.140733500255518e+00
2.184200000000000e+02        2.375144389002814e+00
2.621000000000000e+02        2.651317456920060e+00
3.145200000000000e+02        2.960694994126864e+00
3.774200000000000e+02        3.323904629476366e+00
4.529000000000000e+02        3.756134839964384e+00
5.434800000000000e+02        4.284750323078193e+00
6.521800000000001e+02        4.933863785121897e+00
7.826000000000000e+02        5.779595872071297e+00
9.391200000000000e+02        6.843805260842561e+00
1.126960000000000e+03        8.315719544181013e+00
1.352340000000000e+03        1.026286766822956e+01
1.622800000000000e+03        1.267321840495618e+01
1.947380000000000e+03        1.542316273075573e+01
2.336840000000000e+03        1.857449751190617e+01
2.804220000000000e+03        2.260714839425831e+01
3.365060000000000e+03        2.804472963071213e+01
4.038060000000000e+03        3.414704013846742e+01
