# Mean squared displacement computed by LiquidLib
# t                 <r2(t)>
0.000000000000000e+00        0.000000000000000e+00
2.000000000000000e-02        1.105880645004003e-02
4.000000000000000e-02        4.043928093124569e-02
6.000000000000000e-02        8.039231310771766e-02
8.000000000000000e-02        1.251068228690021e-01
1.000000000000000e-01        1.727714876857433e-01
1.200000000000000e-01        2.236709414889505e-01
1.400000000000000e-01        2.772034714691383e-01
1.800000000000000e-01        3.809732835083980e-01
2.200000000000000e-01        4.649659209092241e-01
2.600000000000000e-01        5.309380284147114e-01
3.000000000000000e-01        5.871781468004569e-01
3.600000000000000e-01        6.593048071004516e-01
4.400000000000000e-01        7.398870330945114e-01
5.400000000000000e-01        8.224197084319848e-01
6.400000000000000e-01        8.973803084786928e-01
7.600000000000000e-01        9.709861034606460e-01
9.200000000000000e-01        1.047835813810549e+00
1.100000000000000e+00        1.112358362678091e+00
1.320000000000000e+00        1.176691317594471e+00
1.580000000000000e+00        1.239880345260805e+00
1.900000000000000e+00        1.310012037592018e+00
2.280000000000000e+00        1.388598047451530e+00
2.740000000000000e+00        1.480044031058986e+00
3.300000000000000e+00        1.590193123209354e+00
3.960000000000000e+00        1.720673275716711e+00
4.740000000000000e+00        1.879875467744488e+00
5.700000000000000e+00        2.079733411279412e+00
6.840000000000000e+00        2.312393569250681e+00
8.199999999999999e+00        2.574053736046437e+00
9.840000000000000e+00        2.882641478278759e+00
1.182000000000000e+01        3.256618439175017e+00
1.418000000000000e+01        3.696077720547328e+00
1.702000000000000e+01        4.220713382961335e+00
2.042000000000000e+01        4.844969423063772e+00
2.450000000000000e+01        5.585771585092214e+00
2.940000000000000e+01        6.471432663582385e+00
3.528000000000000e+01        7.533988733940954e+00
4.232000000000000e+01        8.794419392548750e+00
5.080000000000000e+01        1.029983938114598e+01
6.096000000000000e+01        1.209206531573290e+01
7.314000000000000e+01        1.423290713950925e+01
8.778000000000000e+01        1.680047104499139e+01
1.053200000000000e+02        1.986643650275472e+01
1.264000000000000e+02        2.354932264900276e+01
1.516800000000000e+02        2.795823809598590e+01
1.820000000000000e+02        3.317395987212181e+01
2.184200000000000e+02        3.948211988661814e+01
2.621000000000000e+02        4.699672916740612e+01
3.145200000000000e+02        5.602864817169004e+01
3.774200000000000e+02        6.701905017288814e+01
4.529000000000000e+02        8.048235310849687e+01
5.434800000000000e+02        9.669522355363667e+01
6.521800000000001e+02        1.162211564585199e+02
7.826000000000000e+02        1.399159089432956e+02
9.391200000000000e+02        1.679176805654761e+02
1.126960000000000e+03        2.012525325888711e+02
1.352340000000000e+03        2.388662798697902e+02
1.622800000000000e+03        2.846081368359912e+02
1.947380000000000e+03        3.399837022753858e+02
2.336840000000000e+03        4.071922377062569e+02
2.804220000000000e+03        4.913808808152571e+02
3.365060000000000e+03        5.868559555007015e+02
4.038060000000000e+03        7.089073517527776e+02
