# Mean squared displacement computed by LiquidLib
# t                 <r2(t)>
0.000000000000000e+00        0.000000000000000e+00
2.000000000000000e-02        1.890231461364193e-02
4.000000000000000e-02        6.676347982496943e-02
6.000000000000000e-02        1.253735677491015e-01
8.000000000000000e-02        1.816970264090608e-01
1.000000000000000e-01        2.341863047224545e-01
1.200000000000000e-01        2.883430287496750e-01
1.400000000000000e-01        3.478693760278386e-01
1.800000000000000e-01        4.674075961165793e-01
2.200000000000000e-01        5.538402336384315e-01
2.600000000000000e-01        6.151582537871007e-01
3.000000000000000e-01        6.699797659489767e-01
3.600000000000000e-01        7.419368611479680e-01
4.400000000000000e-01        8.290611759217980e-01
5.400000000000000e-01        9.180330572308423e-01
6.400000000000000e-01        9.899775911903235e-01
7.600000000000000e-01        1.050363739584651e+00
9.200000000000000e-01        1.107181946128174e+00
1.100000000000000e+00        1.150924783125700e+00
1.320000000000000e+00        1.189150796793301e+00
1.580000000000000e+00        1.222323417206730e+00
1.900000000000000e+00        1.257439667352476e+00
2.280000000000000e+00        1.297319663893496e+00
2.740000000000000e+00        1.345093741783260e+00
3.300000000000000e+00        1.404008119331877e+00
3.960000000000000e+00        1.476542517925629e+00
4.740000000000000e+00        1.565566898726431e+00
5.700000000000000e+00        1.683334539002733e+00
6.840000000000000e+00        1.817472463265462e+00
8.199999999999999e+00        1.955757798951188e+00
9.840000000000000e+00        2.126524898420195e+00
1.182000000000000e+01        2.330736796299401e+00
1.418000000000000e+01        2.564820205047567e+00
1.702000000000000e+01        2.845115750225137e+00
2.042000000000000e+01        3.178007019441945e+00
2.450000000000000e+01        3.569783703532665e+00
2.940000000000000e+01        4.037366911978645e+00
3.528000000000000e+01        4.591088439738317e+00
4.232000000000000e+01        5.254162167631669e+00
5.080000000000000e+01        6.045662204586545e+00
6.096000000000000e+01        6.989628451090599e+00
7.314000000000000e+01        8.114307236324777e+00
8.778000000000000e+01        9.457146103809308e+00
1.053200000000000e+02        1.106429237654292e+01
1.264000000000000e+02        1.300754777911514e+01
1.516800000000000e+02        1.531551710576507e+01
1.820000000000000e+02        1.807648464555252e+01
2.184200000000000e+02        2.136728738001741e+01
2.621000000000000e+02        2.529520870308170e+01
3.145200000000000e+02        3.001129821247968e+01
3.774200000000000e+02        3.558333943153342e+01
4.529000000000000e+02        4.225143708873875e+01
5.434800000000000e+02        5.012242878665117e+01
6.521800000000001e+02        5.931939298002468e+01
7.826000000000000e+02        7.021881091623015e+01
9.391200000000000e+02        8.315449584918024e+01
1.126960000000000e+03        9.873808200302740e+01
1.352340000000000e+03        1.177348418140002e+02
1.622800000000000e+03        1.417985083497244e+02
1.947380000000000e+03        1.723926279632666e+02
2.336840000000000e+03        2.101603424154126e+02
2.804220000000000e+03        2.525063001865743e+02
3.365060000000000e+03        3.012833803301702e+02
4.038060000000000e+03        3.619502297696020e+02
